7612892   62828.92
10/02/2018   07:31:34   0   0   7167.39    08:32:34   1   0   4862.92    09:40:34   1   1   8471.89
10:53:34   0   1   12233.97
12:47:34   0   0   10894.47    13:59:34   0   1   2073.93    15:46:34   1   0   2301.09
17:23:34   1   1   10989.57    19:21:34   0   0   13798.41    21:19:34   1   0   12280.20    23:09:34   1   0   10658.15
-1:-1:-1
11/02/2018   05:41:39   0   0   6716.98
07:19:39   1   0   5372.76    08:27:39   1   0   10755.19    09:45:39   0   1   14346.43
10:54:39   0   0   1076.31    12:01:39   1   0   5477.60
13:14:39   0   0   1010.70    14:49:39   1   0   4374.11
16:09:39   0   0   3605.71    17:45:39   0   0   4942.76
19:29:39   1   0   9125.74    21:08:39   0   1   7214.02    22:34:39   0   1   7214.02
-1:-1:-1
13/02/2018   11:37:53   0   0   10078.36    12:51:53   1   0   12369.02
14:00:53   1   1   8889.12    15:23:53   0   0   6310.68    16:57:53   0   1   6060.99
17:58:53   0   0   13108.77    19:53:53   1   1   2253.30
21:46:53   0   0   14043.89    23:23:53   0   1   2791.68
-1:-1:-1
15/02/2018   08:30:53   1   0   8238.85
10:23:53   1   1   5490.03
11:45:53   0   1   13898.30    13:08:53   0   0   6654.71    14:46:53   1   1   7039.59
15:46:53   1   1   8299.82
17:44:53   1   1   8673.49    18:47:53   0   1   9880.39    20:47:53   1   1   1114.74
22:34:53   1   1   12727.95
-1:-1:-1
17/02/2018   10:54:13   1   1   6966.11    12:52:13   0   1   3180.44    14:08:13   1   0   14307.19    15:54:13   0   0   12271.06    17:22:13   1   0   10071.37    19:02:13   0   1   5578.18    20:06:13   1   1   8832.32    21:26:13   1   0   969.34    23:09:13   1   0   5656.11    -1:-1:-1
20/02/2018   09:00:29   0   1   7022.84    10:16:29   0   0   6222.74
11:33:29   0   0   8381.23    13:26:29   1   1   13413.01    14:48:29   0   0   12867.49    15:57:29   0   1   72.66    17:14:29   1   1   12716.83    18:27:29   1   1   1267.65
19:49:29   0   0   7281.04
21:28:29   0   1   4764.54    23:16:29   0   0   281.38
-1:-1:-1
22/02/2018   07:24:59   1   1   8008.68    08:56:59   1   0   11008.41
10:56:59   0   1   6282.37    12:41:59   0   1   11102.50    14:02:59   0   0   11847.95    15:10:59   0   1   11158.99    16:32:59   0   0   1791.27
17:54:59   1   0   8064.20
19:42:59   1   0   5531.49    20:54:59   1   1   9355.54    22:40:59   1   1   4515.04
-1:-1:-1
27/02/2018   11:52:12   1   0   2805.73    13:10:12   1   0   7909.90    14:57:12   1   0   4992.03    16:54:12   1   1   2431.06
18:38:12   1   1   5755.46    19:56:12   0   0   1914.96
21:11:12   1   0   7649.18    22:50:12   0   0   5926.80
-1:-1:-1
4/03/2018   09:14:01   0   1   13915.50    11:04:01   1   0   1225.37    12:31:01   1   0   7442.16    14:01:01   1   0   139.39    15:25:01   0   0   13181.55    16:52:01   0   1   6521.64    18:51:01   0   1   5473.68    20:34:01   1   0   7450.28    21:41:01   1   0   9410.15    23:39:01   0   1   2973.56
-1:-1:-1
5/03/2018   09:38:28   0   1   3715.11    11:32:28   0   0   13637.88    13:22:28   1   0   8969.83    14:33:28   0   1   4704.53    15:33:28   0   1   13800.93    17:10:28   1   0   12906.75    18:23:28   1   0   3914.33    19:26:28   0   0   4151.09    20:28:28   1   1   12137.93    21:30:28   0   1   7604.62    22:52:28   0   1   5587.50
-1:-1:-1
