73749406    93619155
28992638    77314106
93939698    58268885
17299012    84629106
15290194    34169256
93231760    27055708
79100967    96481146
12484697    59985330
80793196    41427373
25725510    81711999
15847409    29543877
61061535    84751690
89949425    45717042
53420926    26701964
48328459    63888343
54989159    42977551
40654049    11814159
81986295    41212003
81539774    84629106
35347567    81711999
51465986    63888343
79821095    29543877
70149460    84751690
11833846    40628395
36471787    63888343
12484697    82223817
54989159    54412597
68773869    98070924
60543714    22530045
80694546    63888343
16720731    45051489
68269451    63888343
30335115    93619155
51465986    41212003
34697743    11814159
15847409    26701964
68269451    26701964
53420926    27055708
61061535    41427373
73749406    29543877
37282858    63070374
51873364    81711999
63640178    11814159
35347567    84751690
54149342    82924309
16720731    13557075
93282118    27055708
34246621    78392844
25062013    41212003
20371464    63888343
62980060    41427373
49328569    81711999
16720731    82223817
89949425    82223817
25725510    84751690
98609464    25704775
68269451    34169256
59596317    84751690
25725510    27067084
73107226    41427373
32538825    45717042
79100967    27067084
11833846    33609304
51873364    82924309
73749406    54412597
83887836    26701964
33648133    63070374
22641795    59985330
75100362    56836804
54815159    63888343
81539774    42977551
45201670    84629106
18450321    40628395
80793196    42977551
81539774    58268885
16389806    27067084
93939698    41427373
22020320    22530045
80793196    94355762
99774549    59985330
15847409    78868406
60543714    63070374
31284904    27067084
81986295    77314106
22679759    54412597
34246621    45051489
30335115    45717042
77324146    83459747
18450321    41427373
80793196    33609304
90367684    27067084
95656771    98070924
99891737    29543877
62287143    26701964
22598563    84629106
74526558    81711999
11895107    81711999
45914393    78868406
34246621    34169256
65512388    40628395
51642949    84629106
35606314    63888343
80793196    40628395
62287143    83459747
51642949    78392844
25725510    59985330
23510105    56836804
91187814    45051489
48446380    41427373
81986295    82223817
35852072    63070374
22641795    54412597
21753765    54412597
45914393    94355762
92275859    45717042
36371870    13557075
65512388    33609304
40654049    94355762
28992638    25704775
59561864    54412597
65912822    83459747
55584641    94037877
68773869    84751690
62126128    26701964
12484697    11815912
66091742    33609304
30335115    63070374
53420926    26701964
99891737    83459747
81539774    94037877
55584641    94037877
41964357    42977551
76505858    41427373
23510105    82223817
21753765    25704775
99774549    40628395
41964357    26701964
98313754    84751690
14956687    34169256
15847409    98070924
81539774    63888343
45914393    83459747
53420926    78868406
23510105    84751690
25062013    26701964
11895107    33609304
61061535    78392844
34697743    11814159
49357767    11814159
40654049    13557075
72330000    98070924
16720731    94037877
90367684    45717042
73749406    22530045
22641795    22530045
79100967    25704775
49328569    93619155
79821095    59985330
48446380    82223817
75600514    27067084
59561864    45717042
85395219    25704775
27709566    11815912
61061535    11815912
77440060    81711999
12484697    45717042
72973662    63070374
80793196    94037877
33648133    56836804
80793196    13557075
62126128    33609304
59596317    42977551
36934113    26701964
22598563    26701964
12484697    59985330
92275859    29543877
91187814    81711999
93231760    11815912
79100967    58268885
45914393    98070924
12484697    40628395
11895107    84751690
92275859    63070374
51465986    78868406
83887836    54412597
86988155    40628395
28479122    59985330
19343072    27067084
28992638    63070374
44052040    25704775
51642949    42977551
62287143    27055708
74484812    96481146
51642949    54412597
81986295    82924309
48446380    56836804
45914393    83459747
22679759    83459747
44075872    27067084
63640178    26701964
46036400    40628395
28479122    45717042
74526558    11815912
66091742    25704775
23510105    42977551
20371464    78392844
77440060    29543877
72330000    93619155
84432543    63888343
75100362    41212003
16756151    25704775
30246960    41427373
28479122    56836804
59561864    63070374
68773869    77314106
35347567    41427373
68269451    45717042
74526558    84629106
35852072    82924309
85395219    41212003
74484812    45051489
68114999    63070374
12604666    56836804
62126128    11814159
71043973    82223817
99891737    58268885
89949425    27067084
79100967    34169256
11833846    33609304
35347567    82223817
77324146    93619155
20371464    84629106
75100362    29543877
75100362    98070924
80793196    63888343
22020320    96481146
30246960    93619155
89949425    83459747
81986295    54412597
66039166    22530045
37282858    54412597
65512388    41212003
95656771    77314106
37282858    25704775
44052040    45051489
75100362    26701964
51642949    56836804
71422479    82924309
55584641    63070374
98313754    11815912
17299012    26701964
36471787    45717042
34697743    81711999
59596317    78868406
46036400    78392844
61061535    94037877
65912822    45717042
30246960    41427373
22679759    59985330
16389806    84751690
85395219    78868406
80793196    78392844
79821095    93619155
86988155    29543877
77440060    40628395
51642949    54412597
35606314    94037877
23510105    45717042
54989159    84751690
93939698    56836804
27709566    11814159
58643376    82924309
35852072    41212003
35852072    81711999
14015152    81711999
17299012    33609304
15290194    82223817
59561864    45051489
62287143    11814159
48446380    54412597
79100967    27055708
30246960    40628395
22641795    82223817
49328569    27067084
19343072    59985330
36371870    93619155
73749406    54412597
81647285    11814159
48328459    82924309
15847409    13557075
66091742    94037877
89949425    22530045
15847409    96481146
74484812    59985330
20371464    27067084
25062013    56836804
68773869    81711999
86836066    94355762
99891737    41212003
54149342    40628395
30335115    63888343
62126128    96481146
19343072    22530045
37282858    82223817
62126128    98070924
31284904    33609304
48446380    94037877
35852072    93619155
53420926    11814159
54149342    98070924
15847409    82924309
95656771    84629106
49357767    78392844
77324146    42977551
62287143    27055708
34571095    98070924
54989159    27067084
16389806    41212003
93939698    81711999
79100967    54412597
90367684    26701964
80793196    93619155
72973662    98070924
81539774    25704775
68114999    40628395
68773869    34169256
15290194    94355762
21753765    93619155
23510105    98070924
43704548    33609304
41964357    54412597
89949425    56836804
35852072    29543877
75600514    34169256
20371464    29543877
98313754    27067084
19343072    83459747
66091742    45051489
71422479    41212003
62287143    81711999
51642949    34169256
84432543    42977551
63640178    84629106
16720731    33609304
36371870    29543877
22020320    82924309
68114999    98070924
54989159    56836804
36934113    78392844
93231760    96481146
22679759    81711999
11895107    11815912
37282858    25704775
80694546    84751690
16720731    13557075
27709566    25704775
73107226    96481146
34571095    78868406
28992638    84751690
81539774    58268885
52313890    78392844
93939698    27055708
37282858    63888343
90367684    45051489
45914393    13557075
11410160    40628395
54149342    26701964
59561864    42977551
70149460    59985330
19343072    94355762
28992638    63888343
44052040    33609304
15847409    29543877
63640178    33609304
12484697    83459747
22020320    83459747
44052040    40628395
77324146    81711999
87358658    96481146
62287143    27067084
51642949    96481146
20371464    45051489
37282858    56836804
18450321    56836804
79821095    33609304
16720731    41212003
14956687    93619155
44075872    82223817
34246621    81711999
81986295    93619155
62126128    78868406
12604666    29543877
93282118    56836804
36371870    56836804
18450321    45051489
79100967    59985330
51873364    56836804
51873364    59985330
20371464    96481146
48328459    63888343
11410160    11815912
81986295    82924309
49328569    25704775
25062013    83459747
66091742    58268885
23510105    22530045
34697743    98070924
90367684    82924309
44052040    82924309
90367684    82924309
68114999    94037877
44075872    63070374
91187814    98070924
22598563    77314106
61061535    11814159
51873364    34169256
51873364    78868406
77440060    63888343
32239795    41427373
52313890    33609304
68773869    13557075
70149460    25704775
41964357    93619155
22679759    34169256
32538825    41212003
46036400    34169256
36371870    11814159
11895107    41427373
68269451    83459747
17299012    42977551
28479122    25704775
41964357    42977551
44075872    78868406
44075872    33609304
98313754    33609304
35852072    83459747
91187814    82223817
34571095    84751690
34697743    77314106
83887836    93619155
52313890    94355762
61061535    25704775
57182371    78392844
72973662    42977551
98313754    63888343
14015152    59985330
66039166    82924309
24433250    27067084
25062013    45051489
49357767    41427373
94683380    45051489
14956687    54412597
64223971    82924309
93231760    22530045
73749406    27055708
11833846    59985330
62980060    40628395
77324146    41212003
34246621    78392844
63640178    77314106
27709566    29543877
68114999    54412597
57182371    45051489
48328459    58268885
66091742    45717042
93961840    78868406
45914393    11814159
27709566    84629106
77440060    63888343
51642949    56836804
36934113    33609304
12484697    94037877
63640178    27055708
22598563    93619155
51873364    93619155
79100967    27055708
99891737    40628395
20371464    45051489
54989159    29543877
11833846    84751690
19343072    40628395
93939698    54412597
62980060    27055708
93961840    27055708
52313890    84629106
87358658    78392844
65512388    78868406
81539774    63888343
21753765    78868406
84432543    42977551
15847409    82924309
19343072    11814159
27709566    98070924
86988155    33609304
48328459    40628395
14015152    41212003
49328569    27067084
34697743    45051489
35606314    42977551
40654049    93619155
74484812    25704775
49357767    45717042
34246621    82924309
22598563    45717042
86836066    59985330
13731806    27067084
51465986    94037877
77324146    93619155
35347567    58268885
51642949    83459747
62126128    84629106
92275859    63070374
43704548    26701964
45201670    63888343
92275859    93619155
86836066    82223817
68269451    77314106
71422479    45051489
90367684    82924309
35347567    40628395
65912822    45051489
40654049    63888343
71043973    45717042
68773869    27067084
24433250    54412597
54989159    78392844
65912822    45717042
85395219    25704775
80793196    11815912
51465986    22530045
75100362    58268885
35606314    98070924
34571095    56836804
34246621    58268885
46036400    33609304
89949425    41427373
34246621    78392844
13731806    58268885
62980060    27055708
73749406    82223817
52313890    11815912
75600514    78868406
48446380    84751690
11895107    45717042
68269451    27055708
81539774    84629106
90367684    45051489
90367684    93619155
48446380    63070374
76505858    33609304
30246960    78392844
61061535    29543877
89949425    13557075
91187814    59985330
16720731    81711999
99891737    59985330
68114999    94355762
93282118    63070374
95656771    63070374
21753765    11814159
28479122    22530045
28992638    83459747
28479122    11815912
32239795    78868406
83887836    63888343
40654049    11814159
51873364    98070924
46036400    98070924
24433250    25704775
25062013    41212003
41964357    45717042
54149342    27055708
22020320    94355762
79821095    93619155
89949425    27067084
25725510    78392844
37282858    29543877
61061535    41427373
81647285    84751690
99891737    78392844
90367684    45717042
68269451    84629106
81539774    40628395
70149460    45051489
36934113    78868406
45914393    33609304
91187814    40628395
48446380    63070374
35852072    84751690
28992638    83459747
66039166    59985330
44052040    98070924
33648133    45051489
12484697    94355762
95656771    45051489
20371464    59985330
71422479    26701964
72973662    94355762
11833846    93619155
14956687    54412597
92275859    93619155
80793196    58268885
36371870    83459747
92275859    11815912
51465986    77314106
37282858    25704775
23510105    77314106
70149460    13557075
19343072    78392844
32538825    29543877
44075872    40628395
48446380    45051489
16756151    83459747
30246960    77314106
86836066    42977551
71043973    54412597
30335115    41427373
99774549    33609304
89949425    26701964
16756151    11815912
34571095    41212003
71422479    22530045
58643376    11814159
80694546    13557075
77324146    45717042
25725510    45051489
85395219    22530045
73107226    56836804
51642949    82924309
77440060    77314106
18450321    59985330
12484697    78868406
25062013    78392844
92275859    78392844
68773869    94037877
19343072    27055708
16720731    27055708
86836066    33609304
19343072    41427373
80793196    26701964
25725510    94037877
41964357    13557075
79100967    22530045
99774549    94355762
63640178    93619155
22679759    40628395
54989159    27067084
12484697    63070374
14956687    25704775
62980060    93619155
25062013    45717042
64223971    94355762
75100362    78868406
52313890    29543877
33648133    34169256
44052040    84751690
27709566    25704775
21753765    84751690
34697743    94037877
74484812    81711999
72973662    84629106
84432543    27055708
99891737    63888343
43704548    78392844
71422479    82924309
94683380    45717042
15290194    58268885
71043973    45717042
72973662    84629106
36471787    63070374
51873364    42977551
60543714    94037877
28992638    40628395
54989159    11814159
73107226    33609304
17299012    77314106
98609464    26701964
76505858    84751690
74526558    94037877
19343072    56836804
54815159    27067084
40654049    59985330
12604666    82223817
21753765    82223817
80793196    11814159
95656771    94037877
15847409    63070374
62126128    81711999
16720731    84629106
95656771    63888343
22598563    27055708
61061535    27055708
34571095    63070374
51873364    78392844
13731806    83459747
98609464    34169256
91187814    84751690
86988155    96481146
55584641    63070374
73107226    11815912
58643376    41427373
92275859    33609304
48446380    41212003
85395219    11815912
93282118    34169256
70149460    63070374
30335115    27067084
27709566    63888343
22679759    94355762
22020320    11814159
22641795    84629106
57182371    63888343
36471787    45051489
16389806    54412597
11833846    45051489
35347567    77314106
80694546    25704775
71422479    96481146
20371464    58268885
49357767    40628395
72330000    82924309
95656771    59985330
54989159    58268885
93961840    27055708
54149342    93619155
48446380    22530045
65512388    84629106
36934113    26701964
36371870    93619155
37282858    42977551
52313890    27055708
21753765    41427373
22641795    94355762
35852072    25704775
34246621    82223817
16720731    26701964
30246960    84751690
17299012    93619155
86836066    94037877
53420926    63888343
30246960    84751690

