78392844    145807    414.60
63888343    606616    255.46
93619155    777427    163.07
26701964    811876    312.97
45051489    878172    343.84
83459747    905211    175.54
82924309    811876    156.63
82223817    145807    238.86
54412597    878172    206.46
33609304    424679    437.81
63070374    398626    447.61
98070924    878172    438.75
11815912    284962    175.51
96481146    545995    373.92
41212003    284962    228.86
25704775    905211    248.30
78868406    241307    214.29
45717042    545995    448.97
58268885    539931    201.71
84751690    905211    187.40
40628395    284962    301.57
29543877    145807    207.41
27055708    811876    152.65
41427373    424679    294.12
34169256    545995    271.29
11814159    905211    399.05
27067084    539931    414.43
13557075    539931    255.54
56836804    539931    333.88
94355762    545995    227.77
77314106    284962    199.67
81711999    398626    371.61
84629106    545995    275.32
59985330    905211    420.28
94037877    241307    385.69
42977551    241307    254.42
22530045    284962    198.34
