263249    120167    132.38    104.58    320
536945    335561    14.96    11.82    1325
244164    155630    88.24    69.71    1067
191403    406921    114.60    90.53    1203
182108    191537    71.67    56.62    850
935951    438979    2.34    1.85    1000
866519    395085    123.56    97.61    889
865192    238504    213.61    168.75    1787
756489    608176    54.76    43.26    1982
468078    500882    134.14    105.97    1810
940054    539779    192.67    152.21    1209
161150    999454    22.75    17.97    1935
614820    179414    85.25    67.35    413
187817    997271    117.72    93.00    328
601126    493701    24.77    19.57    1905
935441    324187    98.01    77.43    855
184724    900463    190.82    150.75    1204
134651    873568    78.68    62.16    1736
138675    795966    212.00    167.48    1219
145663    169384    195.90    154.76    1859
923614    161550    37.13    29.34    1795
317160    610253    73.82    58.31    1577
976911    253022    99.18    78.36    1634
874709    803421    122.17    96.52    1314
313404    875216    41.45    32.74    1542
488785    693757    89.35    70.59    1898
705427    432690    48.78    38.54    1869
484382    652260    55.17    43.58    1489
950073    196476    220.64    174.31    408
803757    125388    207.30    163.77    1353
807440    605928    199.19    157.36    539
851633    520145    109.88    86.80    796
857608    941304    123.18    97.31    362
296419    207264    73.32    57.92    953
734166    344597    39.36    31.10    1368
997371    378060    202.68    160.12    1721
951533    289255    25.12    19.84    562
682745    773561    178.83    141.27    1788
873789    854884    231.24    182.68    1585
794408    771360    103.90    82.08    389
838800    867206    66.28    52.36    1856
332460    282067    2.39    1.89    1844
418690    688757    174.04    137.49    1608
330140    741363    73.09    57.74    569
659922    396045    48.56    38.36    1892
755050    218676    22.49    17.77    1938
