30/09/2018    16:15:33    30997670    794408    13    161150    19    184744    28
28/09/2018    17:14:25    54132168    182108    9    682745    35    182108    30
21/09/2018    15:25:32    84009386    682745    13    536945    12    976911    1    187817    37    851633    33    468078    23    705427    7    161150    36    935951    34    332460    24
29/09/2018    14:17:00    95253637    874709    36    418690    35    807440    22    803757    21    161150    13    866519    16    866519    3    536945    1    682745    27
28/09/2018    12:22:01    67533509    935951    19    484382    12    935951    36    145663    26    330140    12    873789    32    191403    17    191403    6    659922    17
22/09/2018    13:51:08    17340587    935441    24    997371    27
25/09/2018    09:12:11    95821416    873789    9    659922    11    659922    36    161150    24    468078    36    134651    36    866519    8    296419    30    191403    19    330140    24
23/09/2018    15:46:48    13522364    244164    24
22/09/2018    08:18:04    20130982    976911    28    734166    24
30/09/2018    11:50:17    92569115    330140    12    873789    19    682745    22    296419    19    488785    17    191403    36    950073    12    705427    14
19/09/2018    18:14:46    88437013    734166    10    182108    16    161150    11    682745    18
27/09/2018    17:25:48    47702320    536945    33    940054    30    997371    12    134651    12
22/09/2018    17:23:16    22615612    659922    15    296419    24    935951    33    951533    12
22/09/2018    11:41:06    78445083    244164    36
16/09/2018    17:57:17    26009406    536945    14    659922    5    659922    36    468078    20
24/09/2018    17:03:37    28030610    857608    16    705427    12
26/09/2018    15:11:22    71935887    332460    15    418690    24    866519    18    488785    3
22/09/2018    19:43:42    55876127    191403    1    794408    4    182108    26    536945    24    332460    36    866519    21    184724    10    807440    36
17/09/2018    08:49:07    46990868    317160    21    244164    24    182108    13    134651    1    614820    12
22/09/2018    08:07:32    38441333    536945    20    488785    36    874709    30
23/09/2018    18:06:17    50349248    161150    4    997371    9    484382    22    935441    19    138675    5    191403    24    263249    16    418690    15    935951    32    866519    3
19/09/2018    10:13:56    70795047    873789    1    317160    1    874709    30
20/09/2018    15:30:42    24618599    161150    36    756489    25    182108    24    614820    3    794408    12
18/09/2018    14:50:55    56072924    317160    8    803757    14
19/09/2018    11:01:28    59482247    935441    13    803757    23    997371    12    134651    12    263249    24    536945    12    935951    8    418690    8
22/09/2018    13:24:49    64321216    244164    24    794408    24    484382    36    976911    4
27/09/2018    14:29:28    19398835    296419    36    857608    12    601126    12    705427    12    865192    12
18/09/2018    15:16:41    35179914    865192    27    682745    22    330144    31    997371    34
20/09/2018    09:16:35    67762789    807440    24    950073    36    536945    12    997371    18    418690    12    468078    24    682745    12    244164    27    923614    13
23/09/2018    08:32:11    69109755    976911    26    187817    4    923614    2    488785    36    935951    6    484382    20    191403    2
25/09/2018    08:46:34    95969683    997371    9    614820    13    997371    7    244164    24    191403    12    794408    37    601126    12    997371    8    682745    1    138675    37
26/09/2018    11:14:10    99179905    682745    18    851633    12    734166    25    851633    24    330140    36    614820    5    263249    13
29/09/2018    13:29:30    21534118    951533    24    851633    9    468078    6    866519    8    332460    24    244164    4    317160    10    807440    36    976911    28    997371    20
20/09/2018    17:25:33    16166067    296419    37    734166    24    184724    27    807440    36    682745    19    138675    36    734166    11    803757    22    857608    36
30/09/2018    11:50:09    27941566    488785    24    330140    21    296419    24    332460    19
28/09/2018    13:26:26    93020007    263249    18    330140    36
29/09/2018    11:44:15    22042395    807440    2
29/09/2018    17:02:29    22633816    866519    26
30/09/2018    19:12:27    41657918    935441    25    756489    6    330140    14    313404    12    874709    4    997371    1    134651    36    950073    20    484382    36
26/09/2018    09:54:25    85022144    935951    12    134651    7    191403    36    873789    37    134651    22
23/09/2018    09:38:11    35458983    182108    24    682745    33    935441    24    873789    28    187817    6
30/09/2018    13:44:02    24805228    191403    7    659922    29    614820    1    734166    20
28/09/2018    08:42:48    75455669    313404    33    873789    34    851633    24
25/09/2018    09:17:17    52450812    418690    36    866519    22    874709    12    187817    12
30/09/2018    19:56:48    88865550    536945    27
19/09/2018    09:09:00    24749760    838800    34    182108    25    296419    18    756489    13    614820    36    950073    12    484382    32    138675    22
22/09/2018    19:35:02    69375025    187817    30    873789    21    484382    35    997371    5    951533    25    614820    24    682745    10    851633    3
30/09/2018    16:25:37    50441748    263249    9    951533    7    923614    20    935441    26    755050    19    138675    29
19/09/2018    13:48:31    74732859    536945    31    976911    24    488785    4    536945    24    794408    26    317160    30    874709    26    296419    12    244164    18
22/09/2018    19:56:19    73856430    935951    24    317160    12    601126    27
15/09/2018    17:27:52    65050757    803757    36    756489    21    807440    9    940054    25    244164    1    145663    24    950073    15
26/09/2018    15:39:44    27143988    807440    31    296419    8    313404    9    873789    25    182108    36    161150    36
29/09/2018    18:30:53    98870928    484382    36    935951    10    997371    5    940054    25    138675    15    468078    36    184724    9    866519    5    484382    4
30/09/2018    08:10:42    23927051    138675    36    182108    15    950073    27    488785    27    851633    21
21/09/2018    17:59:04    42051258    950073    34    935441    26    161150    37    682745    16    857608    12
16/09/2018    19:51:15    11525869    488785    33
27/09/2018    19:21:15    26365307    866519    8    873789    36    332460    36
30/09/2018    12:27:52    67116873    191403    26    865192    36    484382    25    332460    1    997371    26    468078    8    330140    26    857608    9    976911    12    659922    5
24/09/2018    19:15:58    36158194    756489    12    874709    3    734166    30    756489    30    145663    24    935951    13    807440    12    756489    28    874709    32
25/09/2018    16:41:32    19626621    755050    36    923614    34    755050    19    950073    13    976911    24    851633    24    935951    15    866519    7    488785    7
26/09/2018    12:34:45    96540438    296419    36    734166    2    182108    22
26/09/2018    18:05:25    76519828    940054    13
19/09/2018    10:55:11    42521633    263249    24    187817    15    191403    22    755050    14    263249    12
21/09/2018    10:05:59    40657513    488785    14    659922    12    313404    36    488785    12    935951    35    134651    7    332460    12    244164    34    705427    36
23/09/2018    12:10:41    29711857    296419    24    865192    4    161150    30    161150    35    874709    36    940054    5    997371    30    838800    17
25/09/2018    09:36:37    37784469    940054    23    263249    6    950073    12    950073    17    976911    36    330140    1    601126    23    976911    17    659922    24    857608    12
30/09/2018    11:09:03    47923640    951533    15    484382    24    873789    24    874709    12    263249    36    182108    10    134651    19    865192    25
22/09/2018    17:36:26    15484183    923614    14    976911    21    317160    34    263249    24    807440    26    865192    19    332460    20    873789    32
19/09/2018    16:27:41    65822155    794408    4    807440    36    138677    34    659922    30    951533    1
17/09/2018    09:23:29    29805110    614820    17
27/09/2018    16:45:46    79161713    734166    7    145663    25    874709    2
15/09/2018    14:21:20    39104194    296419    26    330140    36    138675    37    330140    27    923614    36    874709    36
19/09/2018    14:46:32    46334499    803757    16    182108    23    951533    37    484382    30    950073    21
21/09/2018    15:10:08    50362297    134651    12    134651    24    187817    28    332460    24    803757    32    296419    10
30/09/2018    11:45:29    19328511    755050    1    187817    24    866519    24    874709    12    614820    24    857608    24    191403    15
24/09/2018    11:27:40    98204832    134651    33    940054    36
20/09/2018    15:27:22    56996016    601126    12
16/09/2018    08:46:02    84216684    182108    24    874709    36    484382    36    976911    35    950073    11    803757    13    263249    2    803757    24    950073    24    803757    24
15/09/2018    18:18:13    53369103    950073    36    536945    37    296419    24    874709    8    866519    12    161150    23    484382    12    935951    12
20/09/2018    16:24:32    96700957    794408    24    997371    7    803757    36    705427    23
27/09/2018    17:43:30    98560333    418690    27    874709    19    756489    2    951533    19    659922    21    794408    36    332460    12    536945    10    263249    19
16/09/2018    12:26:39    63176810    184724    27    614820    24    950073    12    705427    20    976911    36    851633    19
18/09/2018    18:37:03    51735164    851633    6    134651    5    263249    19
23/09/2018    14:40:16    66769648    182108    12    851633    20    244164    24    756489    24
15/09/2018    11:06:40    68338458    935951    15    536945    36    332460    34    866519    36    866519    12    756489    27    734166    36    418690    36    601126    29
21/09/2018    16:16:56    63257662    866519    24    187817    33    756489    24    134651    4    536945    12    263249    2    935441    21    935441    32
27/09/2018    14:07:54    90379008    803757    12    536945    12
30/09/2018    11:40:08    74405886    940054    22    935951    35    935951    36    873789    17    865192    8    244164    12
27/09/2018    19:50:19    17165017    184724    21    851633    36
26/09/2018    18:18:57    13683499    244164    9    418690    7
16/09/2018    19:36:04    23793783    851633    19    866519    34    951533    24
19/09/2018    12:04:35    34008201    873789    11    705427    36    807440    30    191403    37    705427    31    794408    37    484382    12    935951    34
29/09/2018    16:38:08    95882599    317160    30    536945    36    263249    3    296419    27    191403    14    332460    4    145663    20    851633    12
22/09/2018    15:20:01    34159207    838800    4    488785    35    755050    36    951533    14    755050    12    601126    30    935951    31    659922    22    601126    24    755050    32
28/09/2018    19:47:39    57886646    601126    31    296419    12    191403    37    794408    26    866519    20    330140    24    951533    22    935951    36    244164    9    138675    22
20/09/2018    16:11:20    65018749    244164    0    184724    3    601126    11    682745    3    488785    34    317160    26    705427    24    857608    12    874709    19
27/09/2018    14:41:18    68500587    756489    35
27/09/2018    15:19:45    22465961    145663    18
24/09/2018    16:55:06    12730396    997371    12    488785    18    161150    8    935441    37    705427    32    951533    2    138675    12
20/09/2018    11:28:38    74045370    734166    22
30/09/2018    18:38:48    56125097    182108    20    935441    5    468078    19    951533    30
23/09/2018    18:10:18    71735080    940054    31    857608    5    659922    9    865192    18    794408    24    614820    7    756489    35    873789    9    755050    7    874709    24
21/09/2018    16:20:01    71820158    803757    12    997371    10    484382    15    734166    12    184724    16    659922    13    330140    12    705427    12    923614    21
17/09/2018    15:57:13    35463849    874709    26    705427    36    332460    24    734166    15    873789    16
20/09/2018    12:24:23    75526120    794408    5    874709    25    536945    24    244164    34    838800    0    296419    36    874709    12    484382    8    940054    17    851633    12
20/09/2018    11:09:45    25480161    332460    24    807440    29    950073    9    330140    26    857608    12    138675    16    296419    24
19/09/2018    17:28:35    35630230    935441    12    682745    4    755050    9    851633    27
30/09/2018    19:49:52    88610351    873789    36    756489    25    138675    12    874709    9    976911    5    484382    24    874709    12    244164    1    807440    15    755050    12
23/09/2018    15:04:44    40499780    976911    30    940054    14    923614    27    330140    30    418690    12    857608    30    418690    12    682745    26    468078    4
28/09/2018    09:32:34    66359783    187817    35    803757    17    803757    28    145663    20    865192    36
20/09/2018    14:45:22    54417273    923614    24    488785    32
28/09/2018    14:37:00    47455076    935951    24    935951    12    807440    30    134651    21    865192    15    950073    24    682745    18    332460    9    935951    12
28/09/2018    12:57:13    70387114    865192    8
23/09/2018    12:52:15    30185366    682745    16    614820    36    865192    36    838800    4    468078    31    756489    16    935441    23    488785    5    803757    9
22/09/2018    12:32:40    36719780    923614    18    330140    9    940054    12    705427    5    976911    24    145663    31    145663    36    838800    24    851633    17
20/09/2018    14:53:24    40757895    330140    7    484382    3
16/09/2018    10:25:30    87937259    332460    29    838800    34    330140    36    807440    30
20/09/2018    17:47:21    96454671    296419    36    682745    36    317160    21    191403    28    866519    24    484382    25    187817    7
30/09/2018    09:20:33    81931962    951533    19    755050    8    134651    0    874709    2    138675    26    682745    24    263249    11
23/09/2018    11:44:12    17560735    330140    22    997371    12    935951    34    317160    12    951533    28    756489    8    803757    8    951533    12    803757    12
26/09/2018    15:38:25    41658835    935441    16    734166    36    330140    16    873789    36    682745    25
19/09/2018    09:41:22    92352149    484382    3    659922    18    803757    24    418690    23
19/09/2018    18:11:00    41979472    838800    21    935951    20    313404    7    976911    15    705427    12    296419    3    756489    24
24/09/2018    12:19:30    65116853    330140    12
16/09/2018    10:19:42    13591398    865192    23    851633    17    794408    26    682745    36    940054    22    468078    36    187817    26    145663    22    484382    25
24/09/2018    08:50:56    38774567    923614    28
15/09/2018    09:13:41    81285120    866519    33    296419    34    851633    37    756489    20    755050    1    997371    20
28/09/2018    17:11:58    43040146    756489    12    705427    12    330140    33
23/09/2018    11:06:54    59264562    182108    17    418690    36    536945    30    263249    20    976911    13    935951    12    951533    28
17/09/2018    17:09:42    62176505    807440    34    923614    33    997371    27    145663    26    134651    12    332460    30    659922    30
16/09/2018    10:09:16    15810503    951533    18    866519    34    488785    36    484382    30    614820    2    997371    24    976911    12    468078    33    935441    18
19/09/2018    19:01:41    57638624    484382    20    263249    13    614820    9
19/09/2018    08:37:26    31511176    935951    12    923614    12    317160    36    976911    10    794408    27    182108    23    682745    17    874709    28
28/09/2018    10:11:34    75184001    923614    20    134651    12    935441    36    923614    4    807440    16    803757    32    851633    14    296419    30
17/09/2018    10:31:07    94420977    705427    26    997371    3    923614    1    803757    24    756489    14    184724    17    536945    15    935441    36    682745    7    317160    0
20/09/2018    10:48:41    66334950    794408    12    138675    3    997371    21    940054    35    866519    36    244164    29    857608    13
24/09/2018    18:41:55    79546726    488785    21    794408    24    134651    29    794408    25    857608    24    313404    35
30/09/2018    19:54:41    14571786    145663    33    734166    24    138675    1    330140    24    951533    24    488785    34    923614    10    873789    9    263249    24    184724    36
21/09/2018    17:50:42    96397758    536945    36    976911    13
22/09/2018    13:39:26    37085677    614820    1    244164    25    187817    31    857608    7    838800    12    138675    26
15/09/2018    14:48:17    87824114    134651    6    865192    12    468078    11    296419    7    468078    12    330140    7    191403    33
22/09/2018    09:46:26    63018152    940054    24    865192    13    873789    7    313404    11    317160    29    734166    12    807440    15    682745    4    997371    2    976911    5
24/09/2018    17:11:57    27389067    851633    23
28/09/2018    08:54:46    59950652    866519    37    313404    35    659922    24    923614    21    317160    18
19/09/2018    12:30:17    52590381    145663    3    332460    33    138675    36    330140    26    536945    11    755050    1    950073    12    184724    36
30/09/2018    16:18:05    80421505    940054    36    468078    12    263249    6
16/09/2018    16:40:49    43547027    950073    14    184724    10    950073    18    851633    4    734166    36    332460    5    857608    18
15/09/2018    15:42:00    89356850    755050    24    317160    35    263249    36    601126    33    873789    14    191403    23    313404    21    682745    36    145663    16    976911    10
20/09/2018    11:19:52    34419822    601126    12    296419    32    874709    36    182108    12    873789    27
19/09/2018    12:12:17    80676175    935951    15
15/09/2018    08:31:57    86440294    187817    2    857608    16    536945    33    332460    5
23/09/2018    18:52:46    39872954    659922    12    332460    21    807440    5    317160    35    865192    30    976911    24    755050    10
20/09/2018    12:30:16    84189210    161150    22    184724    21    330140    25    950073    12
28/09/2018    11:34:09    13010924    755050    6    332460    10    755050    26    418690    19    138675    36    682745    24    755050    5    705427    18    488785    34    857608    15
15/09/2018    08:32:53    58961086    756489    29    536945    24    755050    36    857608    24    803757    37    536945    28    803757    0    935951    12
26/09/2018    17:02:58    25855231    866519    22    536945    27    851633    12    488785    23
29/09/2018    10:35:42    73634076    601126    14
30/09/2018    18:17:59    25728361    184724    8    332460    36
21/09/2018    08:04:10    79987909    923614    28
23/09/2018    08:31:15    83285154    134651    15    851633    12    659922    24    940054    35    484382    24    659922    10    857608    11    536945    36    182108    12    997371    16
28/09/2018    10:09:34    85022128    682745    32    536945    11    313404    18    187817    12    145663    11
25/09/2018    12:20:10    72374182    705427    12    807440    9    182108    8
25/09/2018    14:34:21    27384980    940054    35    134651    0
28/09/2018    08:24:24    53731733    976911    5    997371    36    857608    29
24/09/2018    11:12:39    34610579    484382    6    182108    26    263249    36    756489    24    682745    11    951533    25    317160    16    182108    27    755050    17
15/09/2018    17:41:25    34822484    865192    23    182108    4    317160    30    187817    1    807440    12    851633    24    756489    17    418690    27    184724    16
15/09/2018    14:15:46    87376565    935951    13    187817    30    263249    1
19/09/2018    12:54:09    39828816    951533    35    951533    24    803757    1    940054    8    923614    15    734166    12    313404    6    488785    28
27/09/2018    19:59:06    99122281    935441    24    935951    32    794408    4
29/09/2018    10:57:15    83533271    184724    29    935951    32    803757    24    997371    12    161150    23    734166    28
16/09/2018    13:25:03    33990464    755050    12    976911    12
22/09/2018    18:04:03    87830622    873789    10    756489    26
29/09/2018    14:35:49    76833121    134651    30
19/09/2018    12:18:59    50912368    313404    6    313404    7    807440    3    244164    27
19/09/2018    13:12:28    11341982    330140    24    794408    15    332460    11    484382    27    865192    35
22/09/2018    11:57:58    13504110    484382    14    950073    1    313404    36    182108    3    794408    24    857608    18    807440    28
20/09/2018    16:48:36    65908336    923614    36
25/09/2018    16:10:00    46897394    184724    1    755050    20    244164    18    601126    37    601126    1    614820    12    317160    27    145663    36
26/09/2018    12:07:50    13587596    874709    28    418690    32    601126    11    755050    22    951533    27
29/09/2018    09:38:38    18441566    296419    35    857608    13    488785    35    468078    8    488785    36    803757    8
27/09/2018    17:09:45    21647659    755050    24    857608    33    244164    18    935951    30    838800    20    317160    24    951533    30    682745    10    794408    0
15/09/2018    16:46:35    50263432    807440    6    138675    9    705427    9    184724    24    161150    4    296419    12    940054    24    756489    13    138675    36    659922    27
16/09/2018    19:57:55    91536161    161150    35    873789    30    734166    13    330140    13    940054    4    682745    0    951533    1    145663    0    418690    23    794408    24
22/09/2018    16:34:07    82525629    935951    0    332460    24
25/09/2018    10:23:06    42138345    682745    27    950073    10    935951    23    838800    15    865192    24    851633    15    332460    27    488785    24
23/09/2018    10:54:48    52517078    317160    36    950073    12
24/09/2018    13:52:18    21186910    134651    13    874709    35    418690    5    865192    27    138675    5    976911    12    865192    34    794408    12    873789    12    865192    22
20/09/2018    11:11:44    34794347    614820    34
20/09/2018    11:11:44    88209236    807440    29    182108    30    794408    36
18/09/2018    14:38:16    21909356    138675    24    940054    24    244164    16    296419    12    807440    24    536945    18    935441    2    601126    1    263249    23    184724    13
19/09/2018    15:32:12    94879131    313404    27    468078    21    866519    24    865192    31    874709    8    838800    36
26/09/2018    13:38:54    36633255    161150    29    935951    12    296419    2    134651    36    536945    18    857608    24    138675    12    935951    24    614820    8    601126    31
28/09/2018    12:28:19    80039945    807440    2    755050    36    873789    10    332460    17
25/09/2018    17:00:40    82620453    838800    1
24/09/2018    08:06:18    93232694    184724    14
19/09/2018    19:01:29    39437812    145663    36    191403    1    935951    36
26/09/2018    08:27:39    43314742    935441    24    659922    4    161150    20    950073    10    488785    24    659922    37    244164    37    187817    24    296419    13
24/09/2018    16:16:11    22696963    803757    24    682745    31    468078    16    935441    31    935951    23
30/09/2018    13:25:52    31693842    317160    14    418690    26
25/09/2018    08:09:09    75068104    601126    10
15/09/2018    17:52:36    94918726    756489    36    838800    0    191403    36    755050    36    536945    36    682745    21    755050    36
20/09/2018    13:36:42    95924590    838800    1    755050    20    857608    21    161150    11    244164    36    951533    15    873789    0
24/09/2018    09:28:13    63961589    873789    0    950073    23    682745    36    488785    27    807440    36    296419    12    951533    4    484382    32    313404    35    950073    36
27/09/2018    08:30:50    30758425    332460    12    187817    17    468078    24
19/09/2018    08:53:28    46652414    682745    24    145663    22    244164    19    614820    36    940054    12    296419    28    803757    4    191403    36
22/09/2018    19:17:49    86969135    851633    11    134651    36    244164    24    794408    17    184724    19    874709    15    976911    25    187817    11
17/09/2018    15:14:21    63642969    601126    24
21/09/2018    16:37:37    70780263    244164    9    184724    20    865192    12    145663    24    313404    3    873789    13
28/09/2018    18:19:25    47846432    263249    36
20/09/2018    13:38:52    90924751    951533    4    313404    34
19/09/2018    08:58:51    84594263    935441    19    756489    33    755050    12    536945    12    614820    25
17/09/2018    11:48:01    71814930    755050    2    313404    37    794408    24    138675    1    332460    15    857608    7    488785    26
21/09/2018    16:49:50    84952444    951533    17    997371    29    182108    0    182108    27    187817    11
17/09/2018    11:19:28    80482407    145663    12
27/09/2018    19:41:01    40059848    263249    31
17/09/2018    11:33:32    41358388    418690    36    134651    22    923614    35    263249    28    851633    33    244164    36
15/09/2018    16:20:20    55492285    332460    10    865192    12    187817    25
20/09/2018    08:29:28    35728824    857608    20    601126    2    794408    1    659922    1    755050    0    940054    12    187817    31    951533    13    951533    5    838800    31
30/09/2018    09:14:22    29309861    807440    4    659922    15
20/09/2018    17:54:39    80318535    330140    12    659922    12    755050    2    857608    35    997371    12    794408    34
24/09/2018    08:22:39    50010944    865192    15
19/09/2018    10:29:11    28902845    536945    19    418690    7    734166    4    976911    32    997371    0    705427    11    184724    24    191403    22    418690    36
29/09/2018    10:38:58    46821331    138675    12    807440    21    950073    24
25/09/2018    18:15:33    60011880    997371    28    244164    28    536945    26    976911    12
15/09/2018    10:44:11    99909283    488785    28    976911    24
22/09/2018    10:44:34    46450836    330140    5    330140    14    332460    36    874709    16
29/09/2018    08:36:55    98458157    317160    15    734166    7    296419    23    468078    26    614820    20    296419    0    866519    25
16/09/2018    13:23:35    29297627    313404    15    976911    12    794408    28    488785    33    923614    37    851633    8    997371    12    138675    36    418690    12
22/09/2018    16:15:46    83262979    857608    36    484382    25    838800    12    857608    25    755050    29    191403    30    601126    36    857608    14    838800    30
27/09/2018    09:30:36    36167877    317160    12    488785    19    330140    31    244164    20    950073    28    874709    36    184724    29    851633    8
25/09/2018    17:07:17    41956907    332460    13    807440    24    857608    24    244164    31    484382    24    659922    27    950073    19    838800    11
16/09/2018    15:18:06    77247216    191403    31    191403    1    296419    12    803757    36    468078    12    866519    13    755050    36
19/09/2018    08:23:24    40180866    182108    1    803757    24    332460    23    873789    24    755050    13    950073    36    807440    13
17/09/2018    08:46:39    99010661    161150    36    874709    21    330140    36    418690    9    874709    11    244164    27    874709    9    182108    36    935441    23    145663    19
19/09/2018    15:56:55    26789285    187817    8    332460    12    330140    7
21/09/2018    12:42:14    35821448    134651    24    536945    1    182108    24    134651    13    484382    24    923614    27    755050    12
15/09/2018    19:58:58    42481573    184724    28    734166    20
22/09/2018    18:35:49    28428273    488785    24    940054    31    705427    0    976911    31    874709    5    191403    36    313404    15    874709    3    951533    23
26/09/2018    10:01:22    88859640    191403    7
19/09/2018    14:31:43    77800248    317160    15    734166    19    865192    8    187817    12    851633    33
30/09/2018    12:29:23    33281335    313404    9    997371    3
24/09/2018    17:35:02    73440611    313404    33    851633    22    734166    36    488785    3    418690    24    182108    33    857608    7    682745    23    484382    36
23/09/2018    15:59:04    76592333    244164    12
21/09/2018    13:46:37    31757866    184724    30    682745    27    317160    15    296419    12    851633    24
26/09/2018    12:02:02    75798541    244164    19    940054    17    659922    5    330140    35
23/09/2018    12:47:41    28013533    488785    1    950073    25    866519    37    682745    32    705427    12    951533    20    138675    17    332460    24    976911    11    601126    12
29/09/2018    08:31:23    81130832    418690    12    950073    3    874709    37    755050    14    935441    24
27/09/2018    11:20:37    82562090    659922    9    951533    20    935951    12    682745    3
27/09/2018    14:41:20    18743584    935441    10    313404    0    191403    30    488785    10
20/09/2018    12:27:00    81522648    865192    12
29/09/2018    16:29:24    89858583    536945    37    191403    6    601126    34    317160    36    705427    16    935951    19    976911    12    940054    14    935441    36
17/09/2018    12:46:09    42477207    950073    26    184724    6    951533    4
18/09/2018    14:10:50    62865760    161150    10    488785    16    940054    33    488785    35    488785    20
22/09/2018    15:28:40    51965645    161150    29    187817    33    873789    28    873789    23    838800    37
18/09/2018    19:35:54    20584088    874709    6    536945    19    161150    7    138675    5    191403    12    935951    25    145663    12    484382    32    682745    24
19/09/2018    13:38:43    73360129    874709    36    536945    20    187817    33    976911    24    838800    31    951533    9    418690    9    263249    35
30/09/2018    10:14:47    37094119    851633    6    187817    30    263249    19    734166    0    976911    3    468078    16    161150    36
22/09/2018    09:57:03    45613760    145663    12    296419    11    866519    15    659922    18    851633    36    851633    12    940054    11    756489    36    184724    12
17/09/2018    14:58:52    19904002    997371    1    296419    24    332460    8    838800    26    182108    25    191403    5
18/09/2018    17:51:21    22871293    866519    13    187817    14    332460    27    191403    12
30/09/2018    12:42:13    16549215    488785    12    244164    21    755050    6    418690    16    794408    5    145663    1    488785    23    263249    28
24/09/2018    09:03:38    76587402    866519    5    951533    15    488785    31    756489    36    488785    5    184724    34    418690    6    317160    10
30/09/2018    09:48:37    30455758    484382    26    857608    24
28/09/2018    16:51:30    59268313    313404    24    807440    12    263249    24    923614    34    794408    1    755050    24    488785    6
27/09/2018    19:35:39    95025907    187817    24    182108    19    935951    36    330140    0    866519    24    191403    8    874709    31    418690    22    874709    34    145663    20
21/09/2018    13:19:28    79690159    182108    1    734166    30    756489    3    935441    24    940054    26    488785    9    756489    13    187817    12    794408    12    803757    20
19/09/2018    13:07:44    88387208    601126    17    184724    36    659922    1    874709    12    935441    20    923614    16    601126    12    184724    22    418690    30    330140    16
20/09/2018    09:06:12    74283715    488785    25    468078    37    263249    7    873789    30    951533    7    659922    22    330140    34    296419    34    705427    5    191403    10
30/09/2018    15:25:07    86222760    468078    32    873789    34    838800    19    874709    12    756489    12    976911    36    756489    24    682745    6    182108    36
28/09/2018    18:49:22    78151631    976911    12
29/09/2018    11:42:58    48570083    313404    36    935441    36    838800    12    614820    36    865192    36    851633    24    755050    3    794408    36    187817    30    468078    1
21/09/2018    11:03:38    15650820    488785    12    873789    32    138675    2    857608    12    296419    24
29/09/2018    18:07:33    57401421    838800    21    874709    6
20/09/2018    09:37:55    94508443    857608    6    755050    8    755050    31    138675    16    935441    9    184724    24
30/09/2018    10:29:26    92361874    187817    21    755050    27    734166    24    803757    3    332460    36
22/09/2018    14:56:01    98233642    705427    29    138675    9    191403    12    851633    24    313404    1    682745    36    536945    24
21/09/2018    12:18:56    82171006    317160    33    659922    5    138675    16    838800    12    756489    7    601126    6    873789    36    865192    32
27/09/2018    18:15:56    88740233    935441    17    263249    12    755050    12    317160    24    865192    2    418690    35
20/09/2018    16:59:39    27768752    838800    6    734166    16    923614    25
16/09/2018    09:18:53    57054728    134651    35    468078    32    756489    29    951533    36    755050    34    997371    36    851633    24    838800    36
19/09/2018    08:55:24    39400769    951533    28    614820    34    950073    12    601126    2    857608    14    191403    34    935951    6    313404    27    488785    5    857608    19
26/09/2018    09:15:05    84018718    935951    24    145663    12    145663    17    874709    16    935951    1    484382    22
28/09/2018    12:18:18    77770560    734166    31    488785    17    950073    6    601126    32    263249    6    935441    36    935951    24    851633    34
17/09/2018    12:51:05    86433051    997371    12    659922    15    851633    36
16/09/2018    09:27:26    18222546    484382    12    332460    26    857608    14    865192    5    838800    28    659922    14    950073    12
26/09/2018    17:31:54    16895459    313404    23    950073    37    138675    37    484382    27    468078    36
27/09/2018    10:09:05    46596253    682745    26    182108    10    418690    32    940054    34    134651    13    317160    5
24/09/2018    15:35:35    91651382    756489    2    488785    33    756489    4    857608    27    659922    29    182108    30    263249    13    803757    24    263249    36    317160    26
21/09/2018    14:28:03    16165400    940054    31    332460    33    244164    13    794408    24    332460    15
18/09/2018    15:01:06    48808994    488785    31    857608    31    951533    23    182108    36
25/09/2018    16:22:54    81002625    659922    1    734166    14    935951    24    182108    19    923614    4    145663    9    187817    26    951533    17
25/09/2018    19:03:19    16278142    536945    14    935441    35    940054    12    244164    22
15/09/2018    10:41:04    61193552    659922    12    755050    36    951533    9
30/09/2018    14:46:53    25665594    187817    24    187817    10    755050    29    187817    12    794408    9    138675    2    682745    9
18/09/2018    16:37:47    40592921    873789    12    851633    31    940054    24    659922    4
23/09/2018    08:59:26    45427190    191403    7
17/09/2018    14:06:43    89068695    873789    7    705427    36    755050    29    145663    12    682745    25
23/09/2018    13:00:49    43836036    935951    8    857608    33
28/09/2018    10:57:01    80404340    734166    12    705427    6    161150    19    935951    24    857608    1    145663    15    865192    24    145663    24
26/09/2018    12:39:26    91872530    332460    12    865192    12    874709    12    874709    32    488785    14    951533    24    484382    9
17/09/2018    10:07:55    30178422    873789    10    705427    8    997371    33
29/09/2018    12:13:31    41383925    682745    8    187817    34    484382    24    145663    33
19/09/2018    16:45:29    76404048    313404    34    803757    24    659922    37    838800    20    134651    23    923614    36    317160    21    601126    4    865192    24    734166    23
17/09/2018    08:00:56    29717456    874709    12    244164    37    734166    17    536945    17
16/09/2018    15:59:32    46192863    138675    2    803757    24    866519    20    851633    33
22/09/2018    15:19:44    64590505    184724    24    865192    5    935441    12    659922    22    865192    36    488785    12    756489    26    601126    28    935951    21
22/09/2018    15:35:49    85018886    138675    24    134651    36    807440    17    659922    18    332460    3    187817    37    187817    30    755050    24    244164    29
23/09/2018    15:06:51    62550951    807440    21    330140    3    418690    12    705427    36
26/09/2018    16:44:41    25637693    935951    3    857608    6    935951    31    950073    11
16/09/2018    08:31:42    69756147    950073    2    330140    9    296419    13    705427    34
27/09/2018    14:45:29    86328640    873789    5    950073    7
22/09/2018    16:53:16    69198515    857608    24    838800    22    950073    20    313404    35    468078    36
22/09/2018    19:47:33    33172198    145663    3    803757    8    187817    19    935951    32    138675    33    756489    27    923614    1    418690    12
26/09/2018    08:17:25    27838110    705427    3    468078    3    857608    24    950073    28
18/09/2018    14:26:19    81643626    794408    24    756489    28    705427    22    182108    36    191403    36    951533    27    138675    20    935441    24    244164    2    313404    24
18/09/2018    09:31:48    69912548    734166    35    184724    21    857608    24    484382    3    296419    24
21/09/2018    10:29:08    32876692    838800    24    923614    34    935951    20    873789    34
27/09/2018    19:03:02    46393440    951533    26    484382    24    601126    9    601126    18    950073    22    296419    24    866519    12
21/09/2018    11:26:59    62320279    182108    24    659922    7
29/09/2018    11:10:07    75135164    794408    12    134651    36    536945    28    184724    24    857608    18
15/09/2018    09:08:46    79374423    317160    1    468078    32    705427    12    418690    1
26/09/2018    10:08:32    50591949    873789    1
29/09/2018    16:09:07    49093725    488785    27    317160    12    138675    31
27/09/2018    17:27:36    19428067    488785    30    851633    33    874709    30    161150    28    145663    27
28/09/2018    13:50:19    90526296    940054    36    794408    2    794408    24    313404    17
15/09/2018    09:51:16    42035482    182108    29    187817    4    803757    10    191403    27
16/09/2018    16:49:51    32693400    138675    12    145663    24    184724    4    601126    12    997371    29    191403    25    838800    11
24/09/2018    18:35:47    76935770    865192    24    244164    0    263249    14    484382    3    536945    15    851633    21
22/09/2018    16:14:47    48330821    488785    18    145663    24
18/09/2018    14:12:12    95359746    935951    13    756489    12    682745    27    184724    6    682745    11    705427    12    807440    8    313404    7    866519    30
20/09/2018    08:37:05    95267930    313404    10    536945    24    332460    33
16/09/2018    13:10:41    15336123    332460    36    935441    24    705427    15    659922    6    187817    23    488785    16
16/09/2018    09:33:23    58971700    803757    12    851633    5    317160    27    734166    12    951533    37    134651    24    807440    34    601126    36    330140    24
28/09/2018    08:40:55    15654797    138675    8
27/09/2018    10:48:10    25216488    873789    36    330140    24    755050    10    614820    5
23/09/2018    19:40:58    63205005    182108    11    807440    18    997371    12    794408    17    873789    25    874709    21    756489    18    873789    36
21/09/2018    14:47:42    46533089    182108    17    976911    1    191403    11    940054    36    145663    24    659922    9    182108    31    244164    34    865192    34
17/09/2018    12:21:06    40987079    857608    12    332460    12    874709    18    145663    12    317160    24    756489    29    873789    4
30/09/2018    08:51:04    35640126    244164    12    935951    36    332460    24    191403    8    145663    24
17/09/2018    18:17:35    67338037    935951    27    161150    35    705427    5    756489    24    145663    2    851633    34    418690    12    187817    2
25/09/2018    14:24:53    60993073    134651    19    330140    16    187817    16    418690    26    874709    25    976911    12    865192    11    296419    12    807440    7
26/09/2018    10:21:12    73067247    317160    17    935441    5    873789    26    794408    25    873789    3    614820    26    865192    34    536945    16    705427    35    138675    33
18/09/2018    10:03:42    17624398    682745    36    997371    36    865192    12    161150    22    705427    35    794408    10    866519    3    313404    18
30/09/2018    14:30:40    66703958    536945    12    935951    24    755050    24    851633    24
30/09/2018    13:12:42    28620407    755050    29    244164    4    187817    5    138675    24    182108    12    263249    7    935441    6    756489    12
27/09/2018    15:04:57    14148032    923614    28    807440    20    317160    24    161150    33    244164    37    935441    23    330140    36    614820    35    182108    24
16/09/2018    11:11:14    24912128    134651    7    418690    37    296419    5    935441    18    330140    14    794408    29    857608    13    935441    0    161150    1    244164    36
30/09/2018    12:30:30    12125360    488785    31    332460    13
27/09/2018    17:02:09    66171908    418690    14    191403    36    950073    12    997371    34    997371    27
24/09/2018    08:10:50    41288974    734166    7    488785    7    317160    12    488785    6    468078    30    145663    0    873789    34
30/09/2018    19:32:27    28126762    187817    35    940054    0    866519    31    755050    5    184724    33    614820    12    418690    35    851633    37    866519    8    976911    6
26/09/2018    19:40:45    18957035    755050    20    734166    24    330140    27    244164    36
18/09/2018    13:05:59    57867617    874709    13    313404    12    682745    34    138675    4    873789    35    851633    36    807440    34    145663    12
18/09/2018    17:34:42    60254927    951533    36
21/09/2018    18:56:30    94100555    807440    12
23/09/2018    08:49:29    42150547    313404    8
24/09/2018    18:17:59    55038214    866519    31    807440    18    755050    25    145663    25    536945    12    755050    16    923614    33    935951    19
21/09/2018    13:30:56    34484929    134651    14    794408    15
19/09/2018    18:18:27    36111572    484382    2    935951    24    134651    2
20/09/2018    10:24:25    96153501    935951    24    976911    4    332460    33
26/09/2018    08:58:13    74417739    874709    12    536945    20    940054    36    756489    36
26/09/2018    12:19:17    14068055    851633    17    874709    8    138675    1
23/09/2018    14:27:52    84937443    857608    12    923614    16    873789    34    866519    22    976911    2    244164    8    317160    36    296419    32    138675    6    484382    35
24/09/2018    16:17:42    44936055    756489    12    614820    11    263249    8    866519    3    940054    24
21/09/2018    15:35:55    90110057    874709    0    263249    24    263249    12    317160    37    145663    36    263249    36    838800    6    874709    5    296419    12
29/09/2018    10:11:50    32950733    997371    36    296419    24    756489    19    874709    14    682745    32    184724    20    182108    12
25/09/2018    17:29:12    53280594    488785    12    940054    7    873789    4
19/09/2018    19:39:24    27936167    296419    20    317160    16    873789    36    184724    8    997371    26    923614    36    317160    12    330140    24    865192    18
27/09/2018    12:19:22    56792877    794408    35    865192    36    682745    26    865192    36    659922    12    614820    16    705427    12
22/09/2018    09:29:09    53992885    803757    18    263249    12    997371    18
28/09/2018    08:00:26    39765468    468078    3    807440    17    951533    16    138675    24    484382    36    794408    12
23/09/2018    12:06:25    79482438    705427    24    187817    11    682745    24    134651    36    705427    35    184724    27    935441    30    601126    21
19/09/2018    19:39:28    42778197    263249    8    313404    12    923614    14    187817    1
20/09/2018    18:06:03    79319145    313404    7    182108    15    263249    13    950073    5    330140    12    536945    36    161150    8    865192    12
16/09/2018    19:01:41    12460858    803757    2    865192    33    705427    3    682745    5    191403    21    134651    12
22/09/2018    19:30:56    52433619    191403    24    488785    6    536945    31    184724    18    935951    5    734166    25
19/09/2018    16:19:32    78899281    976911    24    866519    16    951533    35    468078    36    873789    30    755050    17    418690    36    734166    5    923614    15    296419    15
15/09/2018    12:11:48    97342119    873789    26
30/09/2018    19:03:26    83105010    263249    5    659922    13    134651    33    940054    16    191403    30    296419    34    484382    20    468078    32    838800    24    317160    12
26/09/2018    08:41:35    54558394    244164    8    488785    15    755050    12    659922    28    601126    15    138675    14    756489    35
20/09/2018    09:14:27    80744136    803757    36
17/09/2018    14:23:27    31638808    330140    21    865192    25
27/09/2018    11:45:15    20445394    134651    12    940054    13
18/09/2018    10:13:38    35658898    682745    35    187817    7    244164    14    263249    27    794408    24    601126    25
29/09/2018    17:57:08    51208433    873789    8    484382    36
27/09/2018    18:36:11    90560428    484382    0    803757    29
17/09/2018    12:50:36    13109341    468078    36    873789    13    145663    12    951533    21    976911    17    332460    11
17/09/2018    16:02:15    52190792    332460    31    601126    25    330140    29    951533    30    418690    12    182108    25    940054    24    330140    12    951533    33    866519    15
18/09/2018    10:36:18    37986025    145663    28    138675    17    865192    11
21/09/2018    13:42:32    90456979    484382    8    940054    31    803757    36    803757    5    296419    35    951533    30    940054    36    807440    24    682745    36
29/09/2018    17:01:47    37554452    734166    26    296419    24
22/09/2018    12:36:03    74292308    161150    18    935951    20    601126    8    244164    36    705427    18    161150    29    951533    10
17/09/2018    15:25:20    89331144    134651    8    296419    24    332460    14    659922    35    865192    28    865192    4    755050    7    803757    12    659922    37    803757    32
23/09/2018    17:21:41    75054346    138675    24    145663    12    935951    20    794408    15    614820    34    184724    12    857608    28
17/09/2018    09:25:42    82400206    182108    36    873789    15    317160    30    807440    35
17/09/2018    10:47:17    70795481    418690    20    807440    15    866519    18    951533    24    682745    33    851633    25    865192    22    182108    11
24/09/2018    12:50:46    49800621    935951    1    997371    24    940054    21    976911    12    330140    34    923614    24    734166    12
23/09/2018    09:55:12    78449602    601126    24    134651    12    756489    20    940054    36
15/09/2018    12:38:19    39956620    874709    35    851633    2    865192    12    468078    23    187817    30
24/09/2018    16:59:11    76433994    682745    12    182108    17
23/09/2018    11:56:04    27523802    330140    12    705427    36    734166    36
28/09/2018    09:00:53    60386946    191403    36    313404    35    317160    23    184724    36    134651    15    705427    35    468078    31
25/09/2018    09:50:57    95761295    851633    36    296419    14    803757    15    874709    28    161150    9    865192    36    296419    31    296419    3    951533    19    184724    9
26/09/2018    14:48:10    87894759    940054    12
27/09/2018    16:57:03    54419822    865192    30    803757    36    468078    36    187817    24    935951    15    874709    36    838800    15    865192    24
25/09/2018    11:40:05    68177780    803757    9
15/09/2018    08:45:20    23548092    330140    13    851633    9    332460    13    468078    13    317160    10
23/09/2018    09:49:03    56837364    418690    18    976911    36    468078    3
24/09/2018    08:47:17    59665642    873789    34    866519    12    803757    8    838800    26    313404    1    182108    26    488785    34    145663    22
15/09/2018    16:47:47    91349843    191403    20    997371    24    807440    36    313404    35    923614    26
29/09/2018    18:29:32    11128734    187817    26    807440    28    488785    25
29/09/2018    12:33:38    50272792    313404    37    803757    11    418690    6    756489    2
22/09/2018    18:22:24    97303151    923614    24
19/09/2018    12:53:49    38612105    614820    19    935951    24    418690    21    488785    11    951533    36
16/09/2018    11:29:25    33999900    161150    31    736666    19    873789    36    145663    12    976911    1    755050    12