2018000915.083157 86440294 2700.00
2018000915.083253 58961086 12935.86
2018000915.084520 23548092 2763.81
2018000915.090846 79374423 4828.78
2018000915.091341 81285120 11753.61
2018000915.095116 42035482 4151.43
2018000915.104104 61193552 1100.04
2018000915.104411 99909283 2501.80
2018000915.110640 68338458 12774.92
2018000915.121148 97342119 0.00
2018000915.123819 39956620 9605.93
2018000915.141546 87376565 3562.02
2018000915.142120 39104194 14858.63
2018000915.144817 87824114 6269.13
2018000915.154200 89356850 22556.20
2018000915.162020 55492285 2048.90
2018000915.164635 50263432 18340.40
2018000915.164747 91349843 7585.63
2018000915.172752 65050757 17457.62
2018000915.174125 34822484 17133.55
2018000915.175236 94918726 9637.11
2018000915.181813 53369103 11413.65
2018000915.195858 42481573 5342.96
2018000916.083142 69756147 953.16
2018000916.084602 84216684 23374.40
2018000916.091853 57054728 17960.74
2018000916.092726 18222546 4188.83
2018000916.093323 58971700 7077.34
2018000916.100916 15810503 18229.86
2018000916.101942 13591398 29992.29
2018000916.102530 87937259 4401.47
2018000916.111114 24912128 9143.77
2018000916.122639 63176810 12656.82
2018000916.131041 15336123 2949.42
2018000916.132335 29297627 14714.19
2018000916.132503 33990464 213.24
2018000916.151806 77247216 13135.88
2018000916.155932 46192863 6825.68
2018000916.164049 43547027 10539.75
2018000916.164951 32693400 15464.84
2018000916.175717 26009406 1833.20
2018000916.190141 12460858 10910.82
2018000916.193604 23793783 6288.76
2018000916.195115 11525869 0.00
2018000916.195755 91536161 13994.02
2018000917.080056 29717456 5092.24
2018000917.084639 99010661 15432.17
2018000917.084907 46990868 4233.65
2018000917.092329 29805110 0.00
2018000917.092542 82400206 5683.20
2018000917.100755 30178422 2702.64
2018000917.103107 94420977 14118.20
2018000917.104717 70795481 19052.69
2018000917.111928 80482407 0.00
2018000917.113332 41358388 12135.71
2018000917.114801 71814930 2688.74
2018000917.122106 40987079 7066.34
2018000917.124609 42477207 1144.92
2018000917.125036 13109341 10364.22
2018000917.125105 86433051 2649.84
2018000917.140643 89068695 5515.45
2018000917.142327 31638808 0.00
2018000917.145852 19904002 5126.91
2018000917.151421 63642969 0.00
2018000917.152520 89331144 14507.49
2018000917.155713 35463849 5199.62
2018000917.160215 52190792 7357.99
2018000917.170942 62176505 19381.13
2018000917.181735 67338037 7855.99
2018000918.093148 69912548 5550.33
2018000918.100342 17624398 15453.52
2018000918.101338 35658898 7494.41
2018000918.103618 37986025 9089.20
2018000918.130559 57867617 20127.51
2018000918.141050 62865760 11142.46
2018000918.141212 95359746 9214.55
2018000918.142619 81643626 14178.64
2018000918.143816 21909356 17090.89
2018000918.145055 56072924 590.56
2018000918.150106 48808994 2769.85
2018000918.151641 35179914 9701.73
2018000918.163747 40592921 9251.48
2018000918.173442 60254927 0.00
2018000918.175121 22871293 1670.81
2018000918.183703 51735164 1052.68
2018000918.193554 20584088 7003.93
2018000919.082324 40180866 8733.81
2018000919.083726 31511176 10959.06
2018000919.085328 46652414 16510.12
2018000919.085524 39400769 8826.30
2018000919.085851 84594263 4024.35
2018000919.090900 24749760 12358.67
2018000919.094122 92352149 4970.07
2018000919.101356 70795047 305.06
2018000919.102911 28902845 11509.50
2018000919.105511 42521633 7111.78
2018000919.110128 59482247 11379.87
2018000919.120435 34008201 20026.42
2018000919.121217 80676175 0.00
2018000919.121859 50912368 1136.42
2018000919.123017 52590381 10874.96
2018000919.125349 38612105 4637.69
2018000919.125409 39828816 4282.87
2018000919.130744 88387208 19263.25
2018000919.131228 11341982 4460.14
2018000919.133843 73360129 9501.68
2018000919.134831 74732859 11772.94
2018000919.143143 77800248 3564.02
2018000919.144632 46334499 7549.75
2018000919.153212 94879131 13878.00
2018000919.155655 26789285 22.68
2018000919.161932 78899281 20695.44
2018000919.162741 65822155 7537.36
2018000919.164529 76404048 17027.28
2018000919.172835 35630230 1846.89
2018000919.181100 41979472 3898.97
2018000919.181446 88437013 1790.57
2018000919.181827 36111572 110.34
2018000919.190129 39437812 5685.96
2018000919.190141 57638624 2824.34
2018000919.193924 27936167 17776.20
2018000919.193928 42778197 912.70
2018000920.082928 35728824 4840.38
2018000920.083705 95267930 698.18
2018000920.090612 74283715 18115.07
2018000920.091427 80744136 0.00
2018000920.091635 67762789 22112.76
2018000920.093755 94508443 5151.20
2018000920.102425 96153501 396.72
2018000920.104841 66334950 18693.61
2018000920.110945 25480161 14267.69
2018000920.111144 34794347 0.00
2018000920.111144 88209236 7926.61
2018000920.111952 34419822 6735.24
2018000920.112838 74045370 0.00
2018000920.122423 75526120 13817.70
2018000920.122700 81522648 0.00
2018000920.123016 84189210 6334.97
2018000920.133642 95924590 6239.47
2018000920.133852 90924751 100.48
2018000920.144522 54417273 704.16
2018000920.145324 40757895 511.63
2018000920.152722 56996016 0.00
2018000920.153042 24618599 3630.55
2018000920.161120 65018749 8431.32
2018000920.162432 96700957 9284.40
2018000920.164836 65908336 0.00
2018000920.165939 27768752 1027.44
2018000920.172533 16166067 28696.95
2018000920.174721 96454671 15651.75
2018000920.175439 80318535 5455.06
2018000920.180603 79319145 1972.72
2018000921.080410 79987909 0.00
2018000921.100559 40657513 7392.44
2018000921.102908 32876692 2565.86
2018000921.110338 15650820 8670.76
2018000921.112659 62320279 1358.88
2018000921.121856 82171006 13807.60
2018000921.124214 35821448 5936.95
2018000921.131928 79690159 9800.52
2018000921.133056 34484929 1101.52
2018000921.134232 90456979 21392.11
2018000921.134637 31757866 12355.35
2018000921.142803 16165400 7198.76
2018000921.144742 46533089 17430.94
2018000921.151008 50362297 12212.88
2018000921.152532 84009386 14700.65
2018000921.153555 90110057 9311.23
2018000921.161656 63257662 10045.17
2018000921.162001 71820158 10032.55
2018000921.163737 70780263 10474.15
2018000921.164950 84952444 8239.85
2018000921.175042 96397758 425.52
2018000921.175904 42051258 13753.05
2018000921.185630 94100555 0.00
2018000922.080732 38441333 2840.44
2018000922.081804 20130982 2777.04
2018000922.092909 53992885 3731.40
2018000922.094626 63018152 15127.11
2018000922.095703 45613760 13234.25
2018000922.104434 46450836 1456.75
2018000922.114106 78445083 0.00
2018000922.115758 13504110 4603.91
2018000922.123240 36719780 18178.11
2018000922.123603 74292308 4655.01
2018000922.132449 64321216 5211.84
2018000922.133926 37085677 7431.15
2018000922.135108 17340587 1858.32
2018000922.145601 98233642 11619.35
2018000922.151944 64590505 15722.93
2018000922.152001 34159207 6950.65
2018000922.152840 51965645 12452.99
2018000922.153549 85018886 7565.01
2018000922.161447 48330821 1608.30
2018000922.161546 83262979 6802.30
2018000922.163407 82525629 0.00
2018000922.165316 69198515 2908.91
2018000922.172316 22615612 2195.70
2018000922.173626 15484183 16907.73
2018000922.180403 87830622 2312.40
2018000922.182224 97303151 0.00
2018000922.183549 28428273 15599.70
2018000922.191749 86969135 13057.11
2018000922.193056 52433619 6607.34
2018000922.193502 69375025 15364.69
2018000922.194342 55876127 7248.30
2018000922.194733 33172198 10832.63
2018000922.195619 73856430 744.12
2018000923.083115 83285154 13877.35
2018000923.083211 69109755 6782.50
2018000923.084929 42150547 0.00
2018000923.085926 45427190 0.00
2018000923.093811 35458983 15593.31
2018000923.094903 56837364 5953.68
2018000923.095512 78449602 2310.80
2018000923.105448 52517078 2099.16
2018000923.110654 59264562 10575.97
2018000923.114412 17560735 7346.62
2018000923.115604 27523802 1387.44
2018000923.120625 79482438 16352.94
2018000923.121041 29711857 14241.74
2018000923.124741 28013533 16088.85
2018000923.125215 30185366 19361.48
2018000923.130049 43836036 18.72
2018000923.142752 84937443 17796.24
2018000923.144016 66769648 4550.08
2018000923.150444 40499780 20512.73
2018000923.150651 62550951 1649.88
2018000923.154648 13522364 0.00
2018000923.155904 76592333 0.00
2018000923.172141 75054346 7685.64
2018000923.180617 50349248 13027.33
2018000923.181018 71735080 17592.55
2018000923.185246 39872954 12379.10
2018000923.194058 63205005 12042.06
2018000924.080618 93232694 0.00
2018000924.081050 41288974 6160.99
2018000924.082239 50010944 0.00
2018000924.084717 59665642 15494.51
2018000924.085056 38774567 0.00
2018000924.090338 76587402 13300.68
2018000924.092813 63961589 22249.56
2018000924.111239 34610579 12708.90
2018000924.112740 98204832 2596.44
2018000924.121930 65116853 0.00
2018000924.125046 49800621 9533.43
2018000924.135218 21186910 23391.68
2018000924.153535 91651382 10765.93
2018000924.161611 22696963 14658.76
2018000924.161742 44936055 1827.55
2018000924.165506 12730396 8949.31
2018000924.165911 76433994 1695.24
2018000924.170337 28030610 1970.88
2018000924.171157 27389067 0.00
2018000924.173502 73440611 14950.82
2018000924.181759 55038214 11017.08
2018000924.183547 76935770 4439.91
2018000924.184155 79546726 11060.93
2018000924.191558 36158194 10875.49
2018000925.080909 75068104 0.00
2018000925.084634 95969683 12989.94
2018000925.091211 95821416 15845.72
2018000925.091717 52450812 8826.20
2018000925.093637 37784469 17138.75
2018000925.095057 95761295 16521.37
2018000925.102306 42138345 13845.56
2018000925.114005 68177780 0.00
2018000925.122010 72374182 2255.19
2018000925.142453 60993073 13059.28
2018000925.143421 27384980 6743.45
2018000925.161000 46897394 5971.54
2018000925.162254 81002625 3917.35
2018000925.164132 19626621 10061.63
2018000925.170040 82620453 0.00
2018000925.170717 41956907 5123.55
2018000925.172912 53280594 2195.77
2018000925.181533 60011880 8534.72
2018000925.190319 16278142 5466.31
2018000926.081725 27838110 548.76
2018000926.082739 43314742 13824.12
2018000926.084135 54558394 6958.64
2018000926.085813 74417739 6937.00
2018000926.091505 84018718 7188.88
2018000926.095425 85022144 12387.92
2018000926.100122 88859640 0.00
2018000926.100832 50591949 0.00
2018000926.102112 73067247 19876.85
2018000926.111410 99179905 9832.63
2018000926.120202 75798541 5194.75
2018000926.120750 13587596 9757.29
2018000926.121917 14068055 2845.32
2018000926.123445 96540438 2163.84
2018000926.123926 91872530 8366.26
2018000926.133854 36633255 8407.23
2018000926.144810 87894759 0.00
2018000926.151122 71935887 5559.69
2018000926.153825 41658835 10433.68
2018000926.153944 27143988 14953.82
2018000926.164441 25637693 79.56
2018000926.170258 25855231 4163.84
2018000926.173154 16895459 10286.94
2018000926.180525 76519828 0.00
2018000926.181857 13683499 794.16
2018000926.194045 18957035 1196.20
2018000927.083050 30758425 22.68
2018000927.093036 36167877 20069.90
2018000927.100905 46596253 18509.18
2018000927.104810 25216488 6801.38
2018000927.112037 82562090 961.64
2018000927.114515 20445394 745.92
2018000927.121922 56792877 17856.65
2018000927.140754 90379008 1965.24
2018000927.142928 19398835 3950.16
2018000927.144118 68500587 0.00
2018000927.144120 18743584 4418.10
2018000927.144529 86328640 1156.20
2018000927.150457 14148032 11692.69
2018000927.151945 22465961 0.00
2018000927.164546 79161713 5173.02
2018000927.165703 54419822 20587.86
2018000927.170209 66171908 12586.76
2018000927.170945 21647659 11416.88
2018000927.172548 47702320 8195.22
2018000927.172736 19428067 10608.64
2018000927.174330 98560333 11754.03
2018000927.181556 88740233 3706.07
2018000927.183611 90560428 0.00
2018000927.190302 46393440 3104.79
2018000927.192115 26365307 7564.96
2018000927.193539 95025907 16457.70
2018000927.194101 40059848 0.00
2018000927.195019 17165017 4007.22
2018000927.195906 99122281 1933.20
2018000928.080026 39765468 5990.82
2018000928.082424 53731733 6260.22
2018000928.084055 15654797 0.00
2018000928.084248 75455669 9230.01
2018000928.085446 59950652 7722.84
2018000928.090053 60386946 14722.19
2018000928.093234 66359783 17366.70
2018000928.100934 85022128 7749.22
2018000928.101134 75184001 15783.48
2018000928.105701 80404340 8131.03
2018000928.113409 13010924 17498.49
2018000928.121818 77770560 6363.63
2018000928.122201 67533509 16455.78
2018000928.122819 80039945 3350.50
2018000928.125713 70387114 0.00
2018000928.132626 93020007 2382.84
2018000928.135019 90526296 5479.56
2018000928.143700 47455076 18322.62
2018000928.165130 59268313 2474.66
2018000928.171158 43040146 981.60
2018000928.171425 54132168 6904.08
2018000928.181925 47846432 0.00
2018000928.184922 78151631 0.00
2018000928.194739 57886646 13674.87
2018000929.083123 81130832 6485.03
2018000929.083655 98458157 8261.82
2018000929.093838 18441566 10909.15
2018000929.101150 32950733 19444.18
2018000929.103542 73634076 0.00
2018000929.103858 46821331 3603.28
2018000929.105715 83533271 11983.83
2018000929.111007 75135164 6274.64
2018000929.114258 48570083 15244.71
2018000929.114415 22042395 0.00
2018000929.121331 41383925 2476.56
2018000929.123338 50272792 4858.19
2018000929.132930 21534118 12836.92
2018000929.141700 95253637 20959.95
2018000929.143549 76833121 0.00
2018000929.160907 49093725 3112.17
2018000929.162924 89858583 8645.10
2018000929.163808 95882599 10548.86
2018000929.170147 37554452 1023.36
2018000929.170229 22633816 0.00
2018000929.175708 51208433 1849.92
2018000929.180733 57401421 1391.88
2018000929.182932 11128734 0.00
2018000929.183053 98870928 16752.53
2018000930.081042 23927051 15474.06
2018000930.085104 35640126 1798.68
2018000930.091422 29309861 796.76
2018000930.092033 81931962 9804.02
2018000930.094837 30455758 1434.42
2018000930.101447 37094119 3103.06
2018000930.102926 92361874 1975.53
2018000930.110903 47923640 12941.78
2018000930.114008 74405886 10027.20
2018000930.114529 19328511 9707.21
2018000930.115009 27941566 4619.13
2018000930.115017 92569115 17283.53
2018000930.122752 67116873 20728.32
2018000930.122923 33281335 373.05
2018000930.123030 12125360 2769.85
2018000930.124213 16549215 7870.65
2018000930.131242 28620407 6292.19
2018000930.132552 31693842 1033.48
2018000930.134402 24805228 2295.69
2018000930.143040 66703958 568.32
2018000930.144653 25665594 1076.21
2018000930.152507 86222760 20023.50
2018000930.161533 30997670 1782.95
2018000930.161805 80421505 6751.20
2018000930.162537 50441748 5085.43
2018000930.181759 25728361 1526.56
2018000930.183848 56125097 4472.11
2018000930.190326 83105010 18893.84
2018000930.191227 41657918 11536.87
2018000930.193227 28126762 22193.51
2018000930.194952 88610351 16830.92
2018000930.195441 14571786 17285.30
2018000930.195648 88865550 0.00
