45201670    1    979193624
59561864    46    964625492
93282118    35    965154160
45914393    7    997574733
72973662    29    981204245
51642949    23    981359787
37282858    31    998949067
36934113    40    993658704
17299012    46    967229083
51873364    1    972367122
27709566    26    995287419
93939698    18    980534932
62126128    27    981668416
77440060    11    961860978
59596317    36    977441523
93961840    38    978308271
51465986    40    962905880
31284904    6    990094765
90367684    45    997550879
68269451    20    969597408
22679759    19    966545705
30246960    11    995209555
20371464    49    982919375
81647285    13    962432551
49357767    16    986824249
92275859    9    969713696
79100967    25    992219170
99774549    6    972408824
28992638    48    967127582
71422479    47    972028674
80694546    37    968823312
43704548    16    985397512
53420926    5    992947603
57182371    34    989848383
99891737    19    982380405
35852072    34    968691257
54815159    46    995611865
35606314    43    994155710
58643376    28    968699431
91187814    11    987134563
65912822    17    964347890
86836066    25    963450090
63640178    36    970490903
93231760    36    987704613
12484697    24    982031616
36471787    10    977952834
61061535    37    969871005
32538825    50    985971382
14956687    36    988900417
66039166    18    965000758
35347567    4    994648698
81539774    36    999367008
68114999    50    971150694
22598563    18    978298106
75100362    44    996293040
15290194    23    975203184
66091742    43    966260353
72330000    10    980500859
52313890    12    964980128
86988155    7    993902894
85395219    16    965778999
77324146    21    996228654
95656771    31    999602378
41964357    23    970664839
34571095    40    973360168
54149342    18    993813942
94683380    38    976976449
62287143    41    997291989
34697743    6    977078129
13731806    29    992384515
25062013    17    974296618
60543714    44    972279717
18450321    19    980529595
65512388    35    996654099
11833846    1    999386585
16389806    21    974828963
79821095    46    990332419
84432543    38    975798873
64223971    49    988320771
80793196    17    981393623
44052040    26    982784476
54989159    38    999989719
74526558    10    977744972
16720731    46    975027059
70149460    32    961841793
46036400    46    984534221
11895107    13    981652555
14015152    45    998955187
48446380    21    981984767
73749406    13    963981053
75600514    18    971313256
74484812    38    986999810
98609464    41    975353538
22020320    50    989173541
24433250    11    992526733
68773869    4    966069943
30335115    25    997407585
81986295    28    965090362
23510105    14    980723279
76505858    6    984988968
34246621    23    965928204
32239795    11    965261870
16756151    7    962578372
55584641    50    989689470
22641795    26    993093820
44075872    43    987033586
28479122    10    985163391
36371870    16    977809608
15847409    50    995333643
98313754    35    974985658
89949425    46    972005487
11410160    27    975882912
19343072    50    983448480
48328459    7    996664429
33648133    28    963933076
40654049    11    986050635
12604666    13    990493377
73107226    15    983843239
71043973    20    998925569
83887836    6    995108620
49328569    47    998456598
21753765    50    977725615
25725510    29    961318601
87358658    4    978545306
62980060    8    986268381