65238296    033    735084
16750122    076    814650
67803867    088    530022
56872277    097    601293
25250688    014    496102
13982823    034    722006
15223984    038    674905
80496462    097    382770
77515781    069    413170
93906533    049    802209
98109681    023    470238
87905877    054    144211
17792158    001    910426
84715254    035    810093
62403652    085    560927
65549395    082    597180
46161801    037    863501
73148769    015    881070
24293929    075    389019
47573542    056    858960
46992121    088    429352
43581153    039    271082
41969026    045    237406
33993395    056    886740
87697950    030    526728
97808803    024    274476
52283589    027    366361
34607935    001    581210
55684677    009    285493
34032545    064    974561
22417643    016    404764
63923289    086    931905
19281722    050    208088
73412008    039    826758
42755288    071    279881
75503087    064    347868
40016048    087    492515
50677200    088    637929
80923993    025    820879
98247945    016    824643
48216193    094    923418
46513138    041    338090
97540089    064    169928
53731847    061    854549
