10655   1/01/2018   98247945   518210   10
10595   2/01/2018   24293929   215264   5   634487   13   723844   4
10296   6/01/2018   65549395   745330   16   299638   15
10967   10/01/2018   73412008   789631   16   386419   15   813848   10   176169   1   813848   2   975916   1   505930   10   568421   3
10150   12/01/2018   47573542   166545   9   520221   6
10129   16/01/2018   42755288   819687   2   136759   9   624262   4
10311   19/01/2018   46161801   123975   6   861466   18   166545   19   624262   3   518210   12   698549   13   568421   16   657440   20
10654   20/01/2018   63923289   146239   1   461476   7   146239   9   326245   5
10372   23/01/2018   93906533   247900   9
10850   25/01/2018   55684677   269927   16   205439   3   745330   15   307902   7   594663   2   247900   16   166545   7   123975   1
10727   31/01/2018   93906533   301697   12
10087   5/02/2018   52283589   994932   12   461476   3   884579   9   299638   5
10921   11/02/2018   34032545   624262   8   798451   6   215264   15   723844   15   123975   10   594663   14   136759   3   299638   20   301697   18
10032   17/02/2018   97540089   927308   9   893368   11   861466   3   994932   17   975916   16
10311   22/02/2018   77515781   927308   17   358102   15   215264   18   269927   10   386419   8   927308   7   975916   9   624262   20   358102   6
10209   26/02/2018   53731847   971284   2   307902   4   813848   5   617003   6   624262   19   222941   11   893368   12   698549   13   589618   18
10962   3/03/2018   80496462   222941   9   301697   2   326245   3
10586   5/03/2018   77515781   215264   6
10830   10/03/2018   53731847   701429   4   589618   7   166545   6   698549   17   534920   7
10144   14/03/2018   65549395   336005   18   518210   13   870693   4   166545   3   861466   12   848625   20   701429   1   870693   18
10418   19/03/2018   53731847   971284   16   745330   19   173204   14
10710   22/03/2018   80923993   624262   1   176169   1   813848   12   273376   14
10244   23/03/2018   50677200   326245   13   701429   12   617003   9   166545   3   212626   5   624880   19
10095   29/03/2018   42755288   916697   10   212626   7   789631   4   269927   1   797188   9   810788   18   505930   20   916697   18   386419   7
10791   30/03/2018   98109681   518210   3   861466   16   386419   20   701429   10   813848   19   386419   5   205439   13   123975   12
10888   2/04/2018   73412008   994932   17   701429   18   454668   17   701429   13   634487   7   994932   2   454668   6
10231   7/04/2018   87697950   810788   19   819687   3   273376   6   657440   1   927308   14   916697   20   269927   11   617003   1   299638   20
10728   12/04/2018   42755288   813848   3   819687   7   205439   19   624262   12   215264   17   617003   3   698549   5   307902   11   212626   7
10027   15/04/2018   19281722   454668   3   701429   2   358102   18
10339   18/04/2018   65549395   893368   14   624262   12   247900   5   927308   10   789631   7   307902   5   975916   14   975916   8   893368   19
10332   22/04/2018   77515781   861466   13   574414   19
10703   25/04/2018   43581153   123975   13   813848   4   861466   4   819687   9   884579   20   222941   3   247900   17   848625   11   123975   6
10650   30/04/2018   93906533   657440   13   146239   3   222941   13   592379   14   212626   17
10959   6/05/2018   65549395   884579   4   870693   18   520221   13
10005   8/05/2018   56872277   123975   20   173204   10   222941   6   299638   13   222941   7   326245   10   810788   9   893368   20   861466   19   128210   11
10983   10/05/2018   67803867   446821   15   534920   15   454668   16   848625   12
10327   13/05/2018   55684677   176169   2   173204   15   136759   10
10065   15/05/2018   98247945   819687   18   589618   8   624880   18   916697   2   568421   18   222941   16   505930   4   819687   17
10431   20/05/2018   73412008   592379   6   300905   12   810788   18   446821   2   927308   11

