520221   94.29
975916   87.98
212626   109.08
176169   106.50
446821   101.33
518210   57.21
634487   149.56
916697   33.15
299638   140.64
461476   73.01
358102   135.40
617003   102.91
591047   67.90
861466   77.36
870693   142.90
893368   41.60
657440   94.82
574414   124.00
884579   145.00
505930   99.06
222941   5.75
386419   98.35
624880   0.73
848625   73.11
798451   40.88
592379   88.77
128210   43.32
994932   19.51
594663   40.34
797188   9.71
173204   133.59
819687   138.43
454668   129.96
534920   81.01
336005   87.99
273376   102.37
589618   61.76
568421   122.58
307902   35.54
205439   74.91
927308   81.78
624262   61.19
789631   98.25
723844   136.93
701429   30.66
698549   99.48
326245   18.95
269927   131.35
810788   90.72
813848   48.30
123975   133.98
146239   121.36
215264   27.36
745330   70.89
971284   18.40
300905   75.00
136759   147.13
166545   54.97
247900   34.34
301697   50.63
