32654635
93389633
24320915
36054971
71226865
94617090
55344255
73007630
78297221
82335106
90084901
32856906
21338059
69460464
53117881
34358459
75024021
22267912
60946464
97179541
74338140
56404369
24256551
73244067
26281910
69513646
15637320
52736147
82904718
19688299
28863042
42821025
56628652
58620765
75163418
81030741
68892398
82729032
94173804
84993904
33711057
54064371
46267394
56873971
31586596
19104353
98171313
33802533
36941517
91961917
93646410
35453671
23953197
54941279
35899321
49576001
55844945
34216310
34751040
85990057
58003607
51555842
95547981
69229336
39043965
83604527
62364711
85561950
35678569
36318762
67377187
85707518
56453908
25204708
22667561
34487997
90451862
50866498
84062860
99516909
60981035
81899130
69119919
70394516
29443870
59611706
95054594
55001241
83170789
59118415
16758223
60781139
72645551
44945651
81542908
53653402
58707732
33316677
19154355
36369512
13860270
47987190
69821099
90746838
70629580
85346067
79809276
26941039
76274359
41781979
21810536
27861273
19243592
51307452
99127841
72885050
69186914
63509032
15999129
90849680
97885449
14274563
85852498
19268686
75197527
42089559
58643829
12539411
28910612
49442979
62518832
68784770
16120343
25750480
26300008
71143496
53272447
88667303
40406341
15601955
33777102
98228313
27794385
19791411
58933204
79708590
80384467
66925121
34645630
16295550
17788279
80267908
32442751
14253791
59346521
87535074
38543692
87725080
11803409
33393801
98751075
37111857
62359854
34623596
53880715
73993772
97224530
72874800
65607961
21507681
79168329
55699747
37042625
34937728
19987735
47708610
13935640
83959195
28362165
37892530
85624519
50363914
60864820
62014711
45009746
71060765
53327201
32452474
70915483
63209001
20431206
89388836
21846052
78809081
30305565
88107917
62780099
41203772
20733936
24033095
92293286
69727150
39328961
30672812
44541334
71830054
26892894
82340243
48174236
47292923
91609694
45917141
62245279
47395430
89262867
94604004
32395279
78684660
28647144
77945141
77503115
35407851
90979496
66497297
66083387
66797179
90421254
54932804
63367231
27807635
67107493
11492499
25211702
89695740
91273185
72528429
29000706
15501132
96801591
29815142
91601855
69974197
81722477
40076835
81896113
80141400
11946800
52078174
97313644
71229686
33305433
97988701
89572334
40413823
81136483
18921869
31801722
85711589
48346422
58525393
49437610
43900675
52315670
27345717
47234248
11300602
12996292
38400101
78330103
57826607
18659671
82025599
46433310
47316006
72469315
17894236
33863028
64627201
82200306
20793892
52244373
29268361
15970265
48861808
94088199
65917218
23467626
99291609
33218085
26228592
23648752
97345553
86564815
68715835
51064499
84549122
63650222
67724128
44232711
42385721
49581750
13315938
46545782
64822024
89913953
52335835
15088205
91493885
77782766
28104087
20912619
27747463
61494581
14085773
76855748
52850693
78470605
74651983
72623618
39670828
74099911
18543117
99251964
48157675
69719802
67202592
22045395
61605455
13283380
19892359
70498605
95447198
46687171
50980579
38417969
82848297
