19980138    2019021
20018708    2017755
20050158    2016666
20089213    1015647
20025448    1015647
20070367    1019876
20090907    1814356
20070612    1011234
20014787    2013366
20119777    1814356
19990279    2019021
20050118    1019876
20090562    2017755
20030557    2019021
20091509    2019021
20080040    2012882
20070233    2013366
20117842    2017755
20033687    2017755
20053556    1015647
20018262    1015647
20107769    2016666
20060049    1019876
20080454    1011234
20101592    1011234
20060184    1019876
20030082    2011010
20034596    2011010
20060934    2016666
20070269    2016666
20090798    2019021
20052063    2011010
20020189    1011234
20034115    1019876
20090929    2017755
20000444    1015647
20046733    2012882
20020384    1812211
20070789    2017755
20080227    2019021
20049768    1019876
20080786    1019876
20050611    1812211
20070992    2012882
20014655    2019021
20000354    1814356
20080063    2012882
20109313    2017755
20064405    1814356
20050718    2011010
20060590    1011234
20030664    1812211
20030441    2011010
20010010    2013366
20100133    2011010
20070525    2016666
19980065    2017755
19980519    2016666
20040967    1011234
20039682    1015647
20080462    1019876
20098132    1019876
20100581    1015647
20079564    1812211
20095789    2016666
20015646    1812211
20096065    1812211
20070748    2013366
20020565    1019876
20087963    2012882
20023796    1015647
20090268    2011010
20047992    2019021
20060740    2012882
20110087    2012882
20050439    2012882
20008366    1812211
20030810    2019021
20025196    1812211
20000875    1019876
19998828    2016666
20067536    1011234
20103911    2013366
20110699    2011010
20050935    2012882
20000029    1812211
20011873    2017755
19990679    2017755
20030637    1812211
20109047    1019876
20095104    1019876
20029701    2019021
20020593    2012882
20054278    1011234
20000474    2011010
20050979    2012882
20077768    2019021
19980906    2019021
20034057    1814356
20036986    2013366
20100201    1011234
20046665    1011234
19990036    1814356
19980667    1814356
19980315    1019876
20020158    1812211
20064217    2011010
20043300    1011234
20090888    2017755
20060043    2012882
