303226    3.0
707348    3.0
505216    4.0
202333    3.5
303354    3.5
111276    3.5
222237    3.0
202341    3.0
111308    3.5
303248    5.0
202221    3.0
101313    3.0
303377    4.0
909206    3.0
101203    4.5
505209    4.0
202275    4.5
444204    3.0
303622    3.0
999312    4.0
303238    4.0
505246    2.0
909237    3.0
707346    3.0
303239    4.0
999255    4.5
707324    3.0
606244    4.5
101222    4.5
303355    3.0
202380    3.0
111224    4.5
808260    4.5
909264    4.0
909220    4.0
303371    4.0
666213    4.0
909217    2.0
606253    4.5
101219    4.0
808332    3.5
909248    4.0
303376    4.0
303640    3.0
101351    3.5
999308    4.5
505237    4.0
808276    4.0
222245    3.0
707313    3.0
999366    3.5
909204    4.0
111239    4.5
303373    4.0
808344    3.5
303630    3.0
222202    3.0
303627    3.0
505234    4.0
111283    3.5
202282    3.5
666202    3.0
202377    3.0
606231    4.5
999220    4.5
101332    1.0
808328    4.5
999208    4.5
303234    3.5
505242    4.0
808298    4.5
808269    5.5
999247    4.5
202376    3.0
707228    4.0
707337    3.0
111313    3.5
222210    3.0
606245    3.5
606233    4.5
303372    4.0
404301    3.5
202213    3.5
111280    4.5
202352    3.5
101217    3.5
303356    3.5
303245    4.0
505229    4.0
999335    4.0
808243    3.5
606237    3.5
303250    5.0
303370    3.0
505228    4.0
808266    5.5
707320    3.0
505200    4.0
999246    2.0
111226    4.5
666201    3.0
202379    3.0
202284    3.5
303639    3.0
707299    3.8
333215    3.0
808343    3.5
707208    4.5
444203    3.0
707286    4.3
909263    3.0
808285    4.3
606232    4.5
505229    4.0
808292    3.5
202350    3.0
202271    3.5
333207    3.0
707332    3.0
909249    4.0
606251    4.5
505204    4.0
101331    3.5
333204    3.0
111284    3.5
909208    3.0
202232    3.5
909223    4.0
808227    4.8
707288    4.0
202327    3.5
777205    3.0
707206    4.5
606234    4.5
333214    3.0
202361    3.0
303281    5.0
555203    3.0
909212    3.0
505237    4.0
707282    3.5
505201    4.0
606228    3.5
999227    4.5
707227    3.0
888211    3.0
303229    3.0
101220    4.0
909247    4.0
505306    4.0
111314    3.5
101213    3.5
202378    3.0
202362    3.5
606230    3.5
222231    3.0
202363    3.0
505312    4.0
111233    4.5
101256    5.5
222244    3.0
505216    4.0
101233    4.5
505284    4.0
111307    3.5
303274    4.0
202251    3.5
111244    4.5
999254    4.5
808250    5.0
303282    5.0
333203    3.0
999309    4.5
707315    3.0
555206    3.0
111274    3.5
202331    3.0
808248    4.5
101212    3.5
808278    4.0
808258    5.5
202294    3.0
303378    4.0
505220    4.0
111225    3.5
505234    4.0
505228    4.0
999338    4.0
101218    1.0
303227    3.0
808346    3.5
202214    3.5
202283    3.5
202375    3.0
111282    3.5
303231    3.5
202374    3.0
909211    2.0
222233    4.0
505313    4.0
999218    4.5
999333    4.0
111227    4.5
707298    4.0
505242    4.0
707284    4.3
111309    3.5
101341    3.5
303265    4.0
505244    4.0
808322    3.5
909221    4.0
707201    4.5
606218    4.5
909205    4.0
222222    4.0
202231    3.5
222250    3.0
777202    3.0
707202    3.5
707350    3.0
111364    3.5
