20023796    303370    17
20029701    909208    9
20000875    111239    8
20025196    111282    10
20080454    707348    12
20070269    303377    14
20090929    333214    10
20030664    111314    10
20070525    909237    13
20095789    707282    20
20090562    505234    13
20053556    202363    17
20070525    707320    14
20047992    202283    17
20090907    909247    16
20050118    999208    8
20060184    111282    7
20089213    808243    7
19980906    303376    18
20060740    202361    20
20010010    111280    8
20000354    202333    18
20000875    303378    16
20049768    202341    18
20011873    909237    16
20070269    707201    17
20070748    303238    16
20060740    505216    9
20060590    303239    18
20049768    606218    11
20101592    999247    19
20098132    707206    11
20054278    505216    15
20052063    999246    12
20110699    505234    16
20000474    505234    16
20107769    202221    13
20008366    505234    16
20100133    606218    10
20036986    505312    15
20046733    505220    14
20101592    505244    20
20090929    202341    13
20077768    505234    17
20119777    606245    12
19990279    303226    20
20020158    202327    17
20117842    111276    9
20000875    505234    16
19980667    222233    17
20090268    111239    10
19990679    555206    11
20025448    505200    18
20110087    707350    14
20090798    505234    13
20060590    505209    8
20034596    707206    10
20117842    111313    19
20000029    808343    9
20015646    707346    8
20034115    202352    13
20030557    303370    17
20060934    303245    19
20000474    202379    14
20052063    222202    11
20020565    303265    9
20060740    111227    15
20103911    666202    19
20030082    505220    10
19990679    111280    13
20014787    505244    15
20011873    505209    14
20080040    909212    13
19980519    909221    11
20080227    101233    9
20089213    202374    14
20040967    606237    20
20000474    999208    12
20052063    808276    11
20070612    202333    18
19980065    303371    10
20033687    505234    15
20060590    303248    16
20080462    303622    7
20008366    404301    18
20070367    101203    11
20060184    999366    18
20033687    202333    10
20091509    808227    10
20070269    505209    18
20050935    909263    18
20103911    303378    15
20054278    707202    16
20046665    666202    12
20050718    222202    16
19990679    202363    19
20060043    999246    16
20000029    202341    9
20050158    111226    8
20107769    202376    12
20080786    808248    12
20025448    505306    16
20014787    606234    7
20020565    333207    14
20080227    909263    18
20030637    606251    18
20050979    707320    20
20064217    202376    8
20030810    909237    9
20060934    101220    11
20060043    707288    18
20103911    111244    16
20046665    202294    12
20070992    606244    18
20064217    999309    18
20023796    111314    8
20117842    202362    17
20079564    303622    12
20053556    808343    16
20109047    333214    14
20029701    101331    17
20060184    303238    10
20050611    333214    13
20117842    707228    12
19980667    303245    20
20049768    111239    18
20050439    505200    14
20030664    202376    15
20080454    999366    13
19980315    707227    19
20107769    909247    15
20090798    303234    10
20000875    303250    14
20030664    505313    9
20050158    111308    8
19990679    222245    19
20030082    707286    19
20025196    333204    16
20014655    909217    19
20090929    333207    18
20100581    303238    13
20000474    303354    8
20090268    707227    16
20060590    303265    13
20052063    303245    9
20103911    505234    18
20070612    707202    13
19998828    999208    14
20010010    111274    11
20079564    909212    19
20050158    101331    14
20060184    111227    9
20060740    606244    9
20101592    707202    14
20020384    222233    10
20100581    111226    15
20087963    808328    14
20050611    606244    17
20080786    505244    12
20070748    303239    7
20020565    606233    8
20090907    303640    10
20060740    999247    12
20053556    505312    17
20090888    303234    8
20043300    707206    8
20040967    444203    17
20000875    999247    19
20100201    505244    13
20008366    505306    16
20090268    808248    8
19990679    505216    14
19990036    707288    9
20000444    303356    11
20064405    111244    19
19980906    555206    11
20050118    666213    15
20080786    333207    18
20090798    303371    17
20087963    808278    16
20090888    222202    14
20034057    707348    15
20018708    666202    9
20050118    222210    19
20080040    202374    19
20067536    808227    16
20060740    303371    19
20053556    707227    12
20053556    666213    9
19990679    222231    15
20101592    999255    17
20050979    101203    18
20050118    707320    11
20000354    111284    14
19980138    555206    9
20030664    555206    8
20034115    101212    17
20095104    808332    9
20090929    202331    9
20070992    666201    15
20033687    808328    15
20060184    111284    16
20060590    222250    7
20110087    101220    12
20109313    101341    9
20010010    606253    14
20067536    101222    8
19990679    909217    16
20030664    777202    8
20049768    606244    18
20107769    505228    7
20034115    707298    14
19998828    333215    16
20098132    303377    16
20070992    666202    19
20030664    999366    10
20046733    202214    13
20090929    101233    8
20089213    101233    13
19990279    909248    19
20046733    202374    15
20087963    808346    13
20109047    202275    8
20067536    303378    17
20109047    202377    19
20000354    101341    9
20101592    101332    18
20109047    999218    8
20100201    505200    7
20029701    303354    13
19980315    202275    19
20090798    707346    11
20020593    666213    12
20070789    505312    18
20000444    606237    9
20030664    111307    9
20010010    808344    17
20090268    202275    18
20096065    707350    15
20043300    303377    18
20018708    111224    14
20050979    101203    16
20029701    202352    11
20050118    808328    10
20107769    101331    11
20008366    101331    13
20098132    909248    12
20052063    101341    12
20020158    303640    8
20047992    606253    9
20050935    707348    19
20100201    202284    12
20101592    666213    8
20020565    444204    8
20034115    101256    19
20014787    909211    9
20029701    202331    12
19990279    303250    14
19990679    999308    8
20070525    707299    20
19990279    707324    20
20049768    111244    9
20100581    222202    18
20090562    222244    15
20000029    808278    19
20029701    808328    18
20034115    111225    19
20064405    222233    14
20070748    202331    8
20064405    999254    11
20036986    808322    9
20091509    707228    11
20015646    999220    7
20067536    606228    20
20109313    202333    20
20000474    303627    19
20079564    202341    19
20090888    606232    15
20030664    999247    12
20046665    111225    10
20064217    101341    16
20090907    505313    15
20064217    303371    14
20020384    808322    10
19990036    808346    15
20070748    999247    12
20046665    808346    13
20098132    222233    12
20050118    111308    15
20067536    202213    12
20015646    202294    18
20020593    303281    19
20080786    909263    12
20070233    222202    11
20049768    808266    18
20060049    909208    13
20090798    505237    19
20064217    101222    8
20036986    909221    18
20077768    101313    19
20090929    303640    8
20015646    202214    17
20050439    111233    11
20033687    101217    10
20050439    303227    19
20011873    909208    18
20080786    808285    17
20030664    505229    17
20060184    111227    17
20090562    707299    8
20014655    606233    9
20049768    111307    10
20033687    808266    19
20018708    111224    18
20033687    909249    9
20047992    101256    19
20000354    303354    11
20087963    303281    11
20050158    808260    15
19980315    202284    7
20000029    111227    8
20095104    999338    18
20119777    111309    11
20015646    909205    14
20040967    999255    7
20025448    333204    13
20109313    999246    15
20070269    909248    13
20030664    999333    11
20014655    999247    15
20119777    707320    10
20040967    909205    18
20067536    808332    19
20080227    202331    17
20050158    505201    10
20090929    808258    13
20090268    444203    14
20070992    444203    10
20050718    707320    16
20070789    303245    19
20090562    222244    19
20109313    505242    16
20070525    444203    18
20018262    707324    20
20008366    909220    13
20000029    111283    15
20060934    303245    10
20030637    707337    17
20018708    101220    17
19990679    505229    9
20000029    555206    11
20080040    505220    11
19980667    111227    10
19998828    444203    20
20119777    303639    16
20109313    909249    16
20043300    303245    10
20054278    101331    9
20119777    999338    9
19990036    111309    20
20080227    909223    16
20050979    222210    20
20067536    707337    13
19990036    808243    11
20070748    101351    15
20052063    909221    12
19980906    303248    12
20067536    505234    14
20103911    505313    10
19980519    303274    12
20103911    202214    13
20050158    808328    7
20070789    909264    15
20060184    101332    17
20030557    707282    17
20080227    202284    15
20036986    404301    13
20014787    111225    14
20090268    202361    16
20018262    505204    11
20090798    101256    12
20000029    303377    13
20034057    606251    17
19980667    505284    19
20064217    101213    13
20077768    202333    17
19998828    222245    10
20036986    404301    15
20014655    333204    19
20050718    303622    9
20014655    303227    19
20010010    303226    15
20050118    707332    17
20040967    707228    10
19990036    202282    15
20018708    303370    16
20025196    707286    12
20100201    999308    9
20070748    333215    8
19990036    303234    15
20020189    999366    18
20020158    707299    19
20030637    808292    12
20020565    303229    17
20030664    303227    9
20070525    707315    16
20030082    808269    9
20080462    202282    14
20098132    333203    10
20103911    101218    12
20070748    707320    10
20119777    666202    9
20000354    303245    13
20018708    606218    7
20090888    808322    16
20080040    606234    15
20090562    303373    11
20023796    333215    7
20034596    505306    13
20014787    999255    15
20043300    707206    18
20023796    222210    10
20040967    202379    13
20110087    303372    10
20020593    111283    13
20090268    101212    17
20109313    505244    14
20020189    808276    10
20100133    303622    12
20015646    303274    17
19990036    808328    17
20018708    202376    12
20039682    505204    9
20050118    505313    18
20014655    999246    8
20070992    101213    15
20030637    707286    8
20000474    111224    16
20010010    303639    19
20047992    707320    9
20030557    606234    16
20119777    666202    20
20100201    111274    14
20020189    222237    7
20034115    111224    8
20096065    999220    16
20047992    202232    10
20079564    101341    14
20060934    909212    17
20050611    666202    17
20050118    303227    12
20000875    101217    19
20020158    111233    9
19980906    444204    14
20043300    101220    16
20053556    909205    15
20020158    202352    9
20090907    404301    13
20030082    303630    8
20050718    606245    17
20070233    303274    16
20047992    909217    17
20046665    303250    15
20011873    999308    15
20043300    303372    19
20080227    505229    16
20080040    303238    16
20029701    202275    13
20080786    808276    18
20050718    555203    20
20030082    202378    11
20034596    909205    10
20050611    707288    19
20039682    999335    9
20050439    909211    12
20060740    808344    8
20020158    707201    11
20054278    202214    14
20070525    909263    8
20049768    505237    19
20030441    606234    18
20100133    999246    12
20090798    303354    19
20050439    111308    16
20020565    999247    18
20090907    111308    9
20101592    111239    18
20050935    111313    19
20070367    999246    8
20060184    303627    14
20070748    808344    14
20064405    505313    14
20034057    303371    18
20070748    808322    11
20095104    909220    17
20090907    202327    10
20040967    808322    17
20080786    303376    10
20030441    606234    9
20060934    808258    7
19980519    707332    16
20030557    202362    16
20089213    909212    14
20052063    101217    17
20080462    999366    19
20011873    202379    11
20020565    999208    11
19980906    808298    20
20010010    202282    8
20080063    999309    11
20107769    111280    13
20046665    505244    13
19980667    808285    14
20080786    999218    19
20030810    404301    10
20050935    808227    11
20000029    909212    17
20070367    111244    18
20109313    222210    15
20034115    707202    18
19980667    888211    10
20008366    606232    16
20080063    222237    15
20043300    303356    16
20100133    999227    16
20030810    606230    19
20050158    303622    7
20100201    505216    9
19980138    111280    19
20080462    303370    17
20034596    303356    17
19980315    202363    12
20025196    707337    19
20000444    909237    18
20060740    505312    20
20008366    303377    19
20050158    101220    19
20043300    505237    9
20089213    202214    9
20090268    707299    16
20029701    202333    9
20060043    808260    14
20090268    101351    19
20090907    303248    16
20103911    707298    12
20043300    707282    10
20020565    606218    16
20060049    909247    15
20043300    999246    15
20090888    606231    8
20030637    555203    11
19990279    606231    13
20119777    303372    18
20000029    707288    20
19990279    606253    10
20000875    111309    9
20090798    888211    16
19990679    303377    7
20050158    202363    12
20050158    707320    19
20010010    444204    17
20110699    808285    9
20090562    909223    18
20070748    303376    13
20060049    303354    7
19980667    202375    11
20000029    707227    13
20040967    505228    10
19990679    111280    20
20109313    707320    18
20110699    808298    17
20052063    303622    12
20101592    505228    19
20060934    101351    7
20033687    808346    10
20000875    999220    17
20020384    999308    10
20060184    505237    7
20070525    202221    13
20000474    111280    10
20030082    999309    14
20070233    333203    14
20119777    222210    9
20090268    202380    8
20090907    808322    17
20034057    303250    9
19998828    111309    16
20052063    101332    15
20023796    707313    19
20034115    404301    10
20020565    606244    9
20050979    707208    17
20023796    999366    11
20030441    999208    10
20046665    505216    12
20070269    505237    14
20089213    555203    14
20053556    111314    19
20030664    303229    7
20030082    555203    19
20025448    606237    18
20050718    808344    9
20050158    505244    13
20029701    707324    8
20050935    707332    19
20014787    555203    8
20067536    777205    9
20046733    505228    14
19980065    111226    11
20052063    303373    16
20052063    101217    17
20095789    808227    12
20020189    303226    17
20119777    101233    15
19990679    999255    19
20018708    999246    8
20070612    707332    10
20011873    202376    18
20047992    444203    12
20050439    707208    13
20091509    303356    9
20050118    202214    18
20050611    808344    9
20060043    808278    18
20052063    909221    12
20000029    707202    10
19980138    303372    14
20020189    707348    8
20043300    202379    19
20014787    222237    17
20100201    202221    16
19980519    111227    15
20050935    606230    10
20064217    202283    13
20008366    505229    14
20023796    909223    9
20064405    202294    9
19980667    505234    8
20039682    505313    16
20079564    999308    13
20100133    111233    18
20100201    303370    8
19980315    202380    12
20047992    909211    13
20090888    444204    11
20029701    707227    8
20070525    303372    7
20117842    303250    16
20060590    101212    11
20070748    505242    13
20000354    808332    17
20043300    707315    17
20020565    111309    8
20050979    303282    10
20095789    101233    15
20098132    808328    19
20025196    222210    17
20091509    707324    13
20030637    505228    18
20049768    909205    15
20090268    505306    16
19980315    101351    12
20029701    707202    14
19980065    202361    20
20101592    101233    13
20030664    303377    16
20000875    202379    12
20053556    202333    17
20030810    303274    16
20060049    101331    20
20043300    303356    10
20020593    111308    14
20070612    808298    18
19990679    222250    20
20036986    111276    9
20023796    808243    10
20034596    707227    16
20117842    707288    9
19980519    999366    18
20060740    707348    11
20053556    808227    15
19980065    222245    12
20000875    111283    11
20034596    808346    10
20053556    111307    14
20060590    101218    13
19980138    101218    9
20096065    303639    15
20070269    111284    9
20110087    909223    9
20011873    808258    16
20011873    202380    14
20054278    505228    10
20060934    303229    8
20090798    303227    7
20064405    909249    10
20080786    606234    8
20080786    777205    9
20070789    505242    9
20050979    505228    14
20079564    505209    19
20018262    101218    15
20000444    606253    19
20052063    808227    11
20095789    111309    14
19980138    303227    10
20000474    606230    10
20100581    707332    19
20053556    101313    9
19980138    707313    10
20079564    303238    16
20030810    111308    10
20020189    111280    19
20090888    111274    10
20000474    808285    17
20030557    202232    10
20030664    505229    16
20053556    707298    15
20040967    606234    16
20049768    909217    11
20100133    707298    20
20014787    505204    20
20023796    202251    17
20050439    505229    10
20020189    606245    9
20047992    111227    18
20080786    666201    7
20107769    101203    12
20039682    707313    16
20090929    707315    9
19980138    111307    16
20080462    505216    13
20040967    202352    12
20080454    111314    15
20070612    606228    16
20060740    333207    12
20070992    101220    17
20020189    999366    20
20070789    505237    11
20047992    888211    17
20018708    303239    16
20070748    202376    15
20080063    505242    14
20090888    202331    16
20020158    909217    20
20034115    101351    10
20080462    111239    11
20077768    202284    15
20020593    505220    11
20053556    333203    20
20098132    222222    17
20018708    707201    20
20087963    909263    14
20047992    222237    13
20103911    909248    12
19980906    303234    19
20043300    303245    18
20054278    505229    18
20070789    707298    9
20052063    202333    14
20080063    999208    18
20107769    909247    11
20070748    666201    19
20053556    444203    11
20034115    101332    10
20090268    707208    11
20080462    888211    19
20080462    505242    18
20030082    202283    19
20091509    101212    16
20090268    707284    15
20050158    202282    17
19980138    999338    13
20100133    222231    17
20070612    909248    10
20080227    666202    17
20098132    303234    8
20079564    909217    13
20060049    808276    12
19980667    303370    8
20070233    202232    18
20000029    606245    20
20034596    606233    12
20025448    404301    16
20070233    505220    17
20096065    111225    17
19980906    202214    15
20043300    303373    20
20070367    111313    18
20110087    808269    20
20020189    111313    16
20014787    202341    7
20089213    202363    10
20070367    101219    9
20096065    303239    17
20039682    999247    14
20030637    666201    17
20098132    303639    10
20050118    666213    16
20018262    303376    16
20101592    303377    18
20020189    111284    19
20070612    909249    18
20033687    909205    15
20109047    303282    17
20050611    303248    13
20064217    999312    14
20034057    505200    16
19998828    202231    13
20100201    505220    13
20070269    505229    8
20080462    707282    16
20015646    999312    11
20064217    707208    13
19990279    505200    19
19998828    707337    15
20014787    707282    8
20090929    303376    13
19990036    101218    17
20091509    101331    12
20014655    505234    12
20025196    505234    15
20098132    808344    13
20043300    707332    17
20054278    333214    8
20109047    202352    13
20018262    606231    10
20109047    808343    17
20054278    303282    9
20020565    808243    11
20080786    202362    12
20107769    606234    16
20000029    909237    18
20034115    999309    12
20029701    111227    16
20064217    222250    15
20110699    202377    13
20090907    111284    8
19980906    707288    11
19990036    505312    12
20067536    303239    14
19980065    505312    15
20077768    222210    18
20080462    606231    15
20060590    808250    14
20023796    909249    14
20070612    222233    10
20020158    222233    10
19980315    202331    20
20089213    707298    14
20080454    505216    12
20011873    505204    8
20060043    606228    19
20052063    888211    19
20018708    606233    11
20046733    808332    19
20100133    303376    13
20025196    505244    17
20030441    808248    12
20089213    999208    18
20070233    999227    13
20090562    101222    11
20064217    202251    18
19980906    222237    15
20080040    555203    17
19998828    222244    18
20060184    707332    11
20070789    707348    8
20000444    303627    17
20030810    202327    17
20060184    999218    16
20034596    999246    15
20100201    808250    14
20046665    555203    8
19980519    303231    13
20090888    222210    8
20089213    999246    10
20070269    303245    17
20060184    222222    12
20050611    303640    9
20070525    303376    13
20060590    303245    13
20080040    707298    9
20100133    303372    16
20090907    808258    12
20109313    222233    17
20060049    707350    13
20011873    505200    10
20050718    333214    9
20030637    202375    14
19990036    505201    20
20008366    606245    20
19980667    606251    18
20060934    303234    15
20070367    707299    17
20050118    303640    7
20050611    909247    18
19990279    808227    13
20080040    202341    19
20090907    202341    12
20020384    505228    16
20090268    303640    13
20030557    707228    15
20014787    808292    14
20100133    808285    10
20000444    505209    10
19980065    303238    12
20098132    202251    12
20070525    111280    17
20070992    303238    17
20090888    999246    16
20110699    707282    13
20046665    202327    9
20029701    606251    8
20110087    101351    8
20020158    999254    13
20050118    707346    9
20060590    606244    14
20087963    111309    19
20010010    505234    13
20100133    111313    18
20050611    808298    14
20034057    101220    11
20080454    111307    8
20050718    777202    13
20030082    909204    15
20014787    999366    18
20000444    303639    18
20109047    707298    17
20080462    101212    17
20067536    999335    14
20060049    505201    9
19980065    303282    10
20020593    111244    14
20018708    808276    10
20090268    111283    17
20050979    505312    8
20020565    909223    18
20008366    909212    10
20020565    333204    17
20025196    707350    17
20020189    303234    16
20080040    808260    17
20033687    777202    11
20030082    808322    16
20036986    808344    20
20050611    303239    19
20070367    909249    11
20080454    202221    14
20070525    707299    17
20020384    111224    14
20020593    606218    11
20100201    505201    11
20110699    303627    13
20060590    606253    12
20040967    909221    17
20060934    808260    12
20109313    909249    11
20054278    202333    8
20060049    303370    17
20090562    505246    11
20064405    303354    15
20109047    909237    19
20034115    202331    18
19990036    505237    12
20000354    707202    9
20091509    999247    16
20053556    111276    18
20067536    707348    8
20050439    707324    9
20050979    707299    15
20030557    808344    15
20060934    333204    8
20030082    909208    13
20050718    101219    12
20025448    707348    16
20050935    111313    19
20070612    101203    7
20020384    111283    13
20103911    101220    18
20090798    808258    15
20109047    202380    8
20109047    707227    9
20070269    202374    13
20030810    808285    16
20091509    505242    10
20029701    808298    12
20034115    111276    7
20060049    606251    10
19990679    606228    17
20064405    101220    18
20034596    202283    11
20050158    202232    12
20000354    202377    17
20020189    111274    9
20018708    505237    8
20029701    808322    7
20020189    222244    10
20050158    808322    9
20000444    909220    15
20015646    999254    14
19980138    808266    20
20050118    707313    10
20100581    333207    15
20064405    202352    18
20060590    111308    10
20109313    202341    9
20119777    505201    19
20030810    808292    19
20070789    303245    12
20020565    222231    10
20029701    404301    14
20080040    101217    7
19980315    606253    8
20049768    909212    10
20052063    111226    17
20010010    202376    15
19998828    707288    17
20034115    808343    10
20034057    777202    14
