14636915 0692777 383.86 
49760492 0885386 793.35 
50490027 0202362 649.21 
67513926 0897763 690.59 
03455736 0089172 540.26 
26956429 0702567 211.68 
33665123 0722862 782.30 
01979802 0513929 67.35 
25898167 0133069 22.58 
56478042 0175011 393.56 
14544919 0484421 229.73 
73594324 0575198 784.37 
84803526 0566413 315.70 
49241873 0759956 91.80 
35497281 0906996 862.70 
27336327 0477084 305.25 
32621729 0750846 336.05 
84353895 0616124 313.57 
48233367 0898814 582.45 
60313750 0344043 434.64 
89947178 0117276 87.08 
18502651 0705403 788.84 
64095060 0999932 754.99 
84210012 0947739 676.68 
56297539 0348094 226.86 
75960378 0651434 795.70 
27612902 0710097 467.01 
60260756 0926652 317.92 
93209441 0724286 301.80 
47346619 0228444 865.89 
33108117 0958031 440.29 
22890675 0834481 97.71 
98777856 0704567 709.27 
72276965 0254586 497.53 
00028624 0406219 306.83 
20048829 0805732 528.71 
73363368 0258270 503.19 
31518149 0226340 708.15 
68002245 0142618 796.23 
60243555 0892921 846.51 
38888228 0537764 379.88 
69441500 0165193 841.50 
55324914 0470124 34.64 
87346491 0373743 987.56 
60281936 0709859 227.65 
71899228 0316437 432.51 
26276121 0901474 275.07 
84661237 0036029 858.95 
05894428 0065818 235.93 
84639529 0335928 143.11 
12255763 0964443 776.04 
82436840 0118606 613.38 
32670688 0235128 904.18 
80466996 0569917 369.17 
59512183 0259470 324.43 
86206725 0689772 490.99 
43268139 0617505 644.90 
68338082 0907669 954.86 
06939507 0110197 542.64 
02278611 0376348 355.04 
54887343 0949299 622.28 
87755422 0354340 746.68 
69321801 0267605 311.10 
46811305 0044878 661.30 
34248626 0079444 320.36 
52473416 0586708 522.65 
84167637 0412924 282.58 
76532036 0962600 62.24 
20145550 0419379 452.99 
07487131 0900973 468.71 
11845894 0808933 881.30 
73387981 0657199 660.63 
72713773 0152959 899.96 
67681095 0187190 813.68 
76911340 0365084 926.66 
76855542 0443376 90.84 
88219756 0517445 936.07 
23089412 0706887 179.18 
69262009 0451659 348.72 
57467587 0166342 336.10 
76667372 0697713 206.01 
74044599 0864819 321.55 
35939811 0955939 721.04 
19346228 0311705 940.67 
55996658 0565984 127.50 
89867269 0602422 920.24 
95740084 0645630 396.81 
70073850 0207672 292.72 
37739299 0741222 625.85 
46340713 0783898 640.42 
46942590 0280524 298.90 
71499336 0288819 209.81 
92218004 0495994 732.55 
62981776 0085273 379.69 
48348142 0721860 850.55 
20223205 0421993 579.84 
01690613 0962504 621.67 
11154259 0031326 961.54 
14723506 0613202 944.02 
50390868 0222842 784.21 
