467932   15200904040049   162.97   95021586072092   188.53   45315884044005   144.48   64955286214063   124.73   49062708044049   40.75   20806600105091   60.50   90809264164039   189.07
401264   97112022088070   120.71   81429327204039   68.39   51972329070032   105.56   40441488243088   17.76   41374758059044   96.97   16869052037055   89.75   89157538083069   127.64   51739180050093   38.61   27532452105064   195.39   83147875040030   55.65   57642458275063   124.17   92434236017077   108.64   12521174018007   32.99   90274892243035   154.02   25471163058072   127.32   64963484035032   50.55   64955286063041   121.55   49941096016059   33.37   15105445005148   53.05   47942066056160   180.34
183969   80486594214088   118.31   39495587093005   75.85   80751104035164   156.06   12521174025164   79.95   63024723079041   175.54   45197838028074   61.73   15817074071009   111.47   15105445043199   62.12   72914015005074   166.24   80751104077091   57.59   97112022092008   99.56   41374758275006   141.41   15105445018005   29.11   74292520031063   68.14
948440   89776459050031   36.57   29985534193093   134.43   11766862005025   95.59   94412164028135   102.72   15105445092097   189.80   56968853135195   97.47   17297866025052   44.72   23281102105183   145.33   41651687086135   71.35   34638139052044   79.24   71345413052005   174.59   40642068094097   10.33   24625605093065   197.08   45197838043160   25.30   39495587139026   146.78   28805892077031   185.09   25705476059052   62.07   47983849009025   187.58   17297866070049   146.60   13609576069058   188.72
535839   91409719155025   157.60   39495587056032   157.19   57250229275193   38.42   47680281212068   107.16   80125186193043   69.10   28869275212064   10.34   88041273037050   151.66   81949478093093   184.44   32154168031105   191.95   28523985028069   122.74   22270918239077   197.86   77880888261050   166.96   64529713231070   127.20
398660   90809264030094   130.44   26236675195025   192.72   80635261025044   122.65   56872760086072   143.18   64198113139008   36.44   80635261074092   114.22   57198708067017   110.38   24777729030097   24.18   80751104039005   24.22   64441753086005   179.96   32473576066008   166.48   95021586240006   76.53   28961810068065   141.41   25471163006006   23.32
655525   51857905072025   61.02   12815381125039   150.11   76861827008105   159.87   25705476105183   167.22   81900606050030   0.66   33960109093066   135.90   67725576017072   120.93   79584128018029   169.35   19974100261094   40.36   97112022055017   195.14   40606676069105   123.08
185721   34638139039030   175.63   14556987029193   115.88   91649413097039   97.03   71345413059035   64.27   68949636052139   100.27
689386   84767412227033   144.21   57250229199010   179.32   19866992097043   100.27   85531708006016   38.54   39937606206068   32.17   39993700074097   143.07   26504234026052   34.71   40606676067080   19.19   91649413088092   35.35   39937606092199   190.46   66016070195079   63.01   15200904080195   83.40   41166417028074   54.64
767424   45315884066018   137.10   96161334071031   192.51   76250010080030   19.10   74318107026050   145.93   78152225068032   159.38   58085763083093   111.55   80217870055193   109.11   23813917097059   193.77   64955286094041   1.99   14556987043160   54.43   84899163006105   63.74   78152225033068   103.81   95021586077008   10.94   38948829206183   168.63   35598626275030   193.51   42201266041044   124.57   51739180010183   134.63
464853   43474252008032   109.08   22310442029105   48.06   45197838069009   17.73   34960333056056   19.19   90588701063026   165.22   14847975043039   174.23   63876254044040   4.71   51739180052064   90.03   45315884091028   92.06   44213428093055   50.68   39985891041018   67.70   88075398091035   70.86   80751104105052   152.91   80378364155097   29.41   27730524065007   54.20   51972329035066   166.75   62675672068064   199.11
831338   22046669074079   67.09   13609576093044   59.23   81949478261066   4.55   22310442059066   151.56   14556987007077   177.26   47983849231037   6.01   29985534009034   114.90   60333144059017   48.26   82971539155049   197.51   12815381063195   82.32   72815622204068   149.40   65734030148032   186.94   85410766092050   16.78
632835   76861827066069   103.75   90809264088148   51.37   91515249261080   161.86   47069795035070   1.20   23775692008094   24.94   55896805083083   104.36   39495587031044   2.00   23035040043077   135.24   68949636052066   153.71   32533542092199   22.59   80217870275066   194.77
881320   36856703018088   20.18   12815381092041   124.11   47779397086010   190.44   76861827032067   6.00   80125186074032   136.19
453262   29532114034026   46.28   80378364063155   188.42   54318852239105   94.31   16358684029070   62.34   34960333065008   169.05   59912064056092   177.10   50617814037007   121.30   26236675206093   61.87   64265369079088   186.52
631777   47942066074043   180.47   68949636070195   90.01   63024723058027   156.83   53045162243029   114.86   39985891212077   37.20   44913871050052   93.43   25705476009077   185.06   68364677212010   45.13   22149582094088   16.37   60333144195007   192.44   91515249016083   148.22   40441488212077   128.91   12012345208041   94.98   89157538029105   192.76   63744414240026   90.16
485513   80635261091035   117.77   83147875239032   52.75   39000451067050   80.41   60507812043080   80.17   26974509026017   55.87   47779397027027   71.16   90274892212029   174.08
269218   97962834291063   185.37   14728166035049   50.88   89776459056097   99.72   64198113214164   77.16   41166417212007   92.97   28562139037005   42.20   98784008261080   100.22   15773122091026   10.49   40971024204058   178.31   80635261035005   99.48   97476709005155   47.31
742030   76250010077037   161.32   61714877049037   176.57   15200904139072   171.62   14556987037059   29.62   92434236199083   98.12   17297866243052   97.58   26451535030056   184.63   39985891034160   14.46   83009401010037   169.46   80486594074063   22.76   24625605007026   40.99   64441753135028   96.14   19590792261139   28.74   50962607016059   138.25   55952412240027   19.72   63744414050083   51.74   80751104275040   33.97   82117699206097   83.16
972164   62366213155074   8.53   84767412049034   74.74   44104966139063   145.83   40606676067199   127.05   91974393135040   4.35   28961810183148   104.86   33404566139063   128.65   71345413208009   141.41   44889808092010   133.46   19647626077091   22.17
