Registro de llamadas de la corporación por empresa 
================================================================================
Código de la empresa: 467932 
--------------------------------------------------------------------------------
LLAMADAS REALIZADAS: 
TELÉFONO TIEMPO DE LLAMADA (seg) PAÍS COSTO 
--------------------------------------------------------------------------------
15200904     163.0      40      855.59 
95021586     188.5      72      989.78 
45315884     144.5      44      758.52 
64955286     124.7     214     1340.85 
49062708      40.8      44      213.94 
20806600      60.5     105      650.38 
90809264     189.1     164     2032.50 
--------------------------------------------------------------------------------
Gasto total: 6841.56 
================================================================================

================================================================================
Código de la empresa: 1264 
--------------------------------------------------------------------------------
LLAMADAS REALIZADAS: 
TELÉFONO TIEMPO DE LLAMADA (seg) PAÍS COSTO 
--------------------------------------------------------------------------------
97112022     120.7      88      633.73 
81429327      68.4     204      735.19 
51972329     105.6      70      554.19 
40441488      17.8     243      190.92 
41374758      97.0      59      509.09 
16869052      89.8      37      471.19 
89157538     127.6      83      670.11 
51739180      38.6      50      202.70 
27532452     195.4     105     2100.44 
83147875      55.7      40      292.16 
57642458     124.2     275     1334.83 
92434236     108.6      17      570.36 
12521174      33.0      18      173.20 
90274892     154.0     243     1655.72 
25471163     127.3      58      668.43 
64963484      50.5      35      265.39 
64955286     121.6      63      638.14 
49941096      33.4      16      175.19 
15105445      53.0       5      278.51 
47942066     180.3      56      946.78 
--------------------------------------------------------------------------------
Gasto total: 13066.27 
================================================================================

================================================================================
Código de la empresa: 83969 
--------------------------------------------------------------------------------
LLAMADAS REALIZADAS: 
TELÉFONO TIEMPO DE LLAMADA (seg) PAÍS COSTO 
--------------------------------------------------------------------------------
80486594     118.3     214     1271.83 
39495587      75.8      93      398.21 
80751104     156.1      35      819.32 
12521174      79.9      25      419.74 
63024723     175.5      79      921.58 
45197838      61.7      28      324.08 
15817074     111.5      71      585.22 
15105445      62.1      43      326.13 
72914015     166.2       5      872.76 
80751104      57.6      77      302.35 
97112022      99.6      92      522.69 
41374758     141.4     275     1520.16 
15105445      29.1      18      152.83 
74292520      68.1      31      357.73 
--------------------------------------------------------------------------------
Gasto total: 8794.63 
================================================================================

================================================================================
Código de la empresa: 48440 
--------------------------------------------------------------------------------
LLAMADAS REALIZADAS: 
TELÉFONO TIEMPO DE LLAMADA (seg) PAÍS COSTO 
--------------------------------------------------------------------------------
89776459      36.6      50      191.99 
29985534     134.4     193     1445.12 
11766862      95.6       5      501.85 
94412164     102.7      28      539.28 
15105445     189.8      92      996.45 
56968853      97.5     135     1047.80 
17297866      44.7      25      234.78 
23281102     145.3     105     1562.30 
41651687      71.3      86      374.59 
34638139      79.2      52      416.01 
71345413     174.6      52      916.60 
40642068      10.3      94       54.23 
24625605     197.1      93     1034.67 
45197838      25.3      43      132.82 
39495587     146.8     139     1577.89 
28805892     185.1      77      971.72 
25705476      62.1      59      325.87 
47983849     187.6       9      984.79 
17297866     146.6      70      769.65 
13609576     188.7      69      990.78 
--------------------------------------------------------------------------------
Gasto total: 15069.19 
================================================================================

================================================================================
Código de la empresa: 35839 
--------------------------------------------------------------------------------
LLAMADAS REALIZADAS: 
TELÉFONO TIEMPO DE LLAMADA (seg) PAÍS COSTO 
--------------------------------------------------------------------------------
91409719     157.6     155     1694.20 
39495587     157.2      56      825.25 
57250229      38.4     275      413.01 
47680281     107.2     212     1151.97 
80125186      69.1     193      742.83 
28869275      10.3     212      111.15 
88041273     151.7      37      796.22 
81949478     184.4      93      968.31 
32154168     191.9      31     1007.74 
28523985     122.7      28      644.39 
22270918     197.9     239     2127.00 
77880888     167.0     261     1794.82 
64529713     127.2     231     1367.40 
--------------------------------------------------------------------------------
Gasto total: 13644.28 
================================================================================

================================================================================
Código de la empresa: 98660 
--------------------------------------------------------------------------------
LLAMADAS REALIZADAS: 
TELÉFONO TIEMPO DE LLAMADA (seg) PAÍS COSTO 
--------------------------------------------------------------------------------
90809264     130.4      30      684.81 
26236675     192.7     195     2071.74 
80635261     122.7      25      643.91 
56872760     143.2      86      751.69 
64198113      36.4     139      391.73 
80635261     114.2      74      599.66 
57198708     110.4      67      579.49 
24777729      24.2      30      126.94 
80751104      24.2      39      127.15 
64441753     180.0      86      944.79 
32473576     166.5      66      874.02 
95021586      76.5     240      822.70 
28961810     141.4      68      742.40 
25471163      23.3       6      122.43 
--------------------------------------------------------------------------------
Gasto total: 9483.48 
================================================================================

================================================================================
Código de la empresa: 55525 
--------------------------------------------------------------------------------
LLAMADAS REALIZADAS: 
TELÉFONO TIEMPO DE LLAMADA (seg) PAÍS COSTO 
--------------------------------------------------------------------------------
51857905      61.0      72      320.36 
12815381     150.1     125     1613.68 
76861827     159.9       8      839.32 
25705476     167.2     105     1797.61 
81900606       0.7      50        3.47 
33960109     135.9      93      713.47 
67725576     120.9      17      634.88 
79584128     169.4      18      889.09 
19974100      40.4     261      433.87 
97112022     195.1      55     1024.48 
40606676     123.1      69      646.17 
--------------------------------------------------------------------------------
Gasto total: 8916.40 
================================================================================

================================================================================
Código de la empresa: 85721 
--------------------------------------------------------------------------------
LLAMADAS REALIZADAS: 
TELÉFONO TIEMPO DE LLAMADA (seg) PAÍS COSTO 
--------------------------------------------------------------------------------
34638139     175.6      39      922.06 
14556987     115.9      29      608.37 
91649413      97.0      97      509.41 
71345413      64.3      59      337.42 
68949636     100.3      52      526.42 
--------------------------------------------------------------------------------
Gasto total: 2903.67 
================================================================================

================================================================================
Código de la empresa: 89386 
--------------------------------------------------------------------------------
LLAMADAS REALIZADAS: 
TELÉFONO TIEMPO DE LLAMADA (seg) PAÍS COSTO 
--------------------------------------------------------------------------------
84767412     144.2     227     1550.26 
57250229     179.3     199     1927.69 
19866992     100.3      97      526.42 
85531708      38.5       6      202.34 
39937606      32.2     206      345.83 
39993700     143.1      74      751.12 
26504234      34.7      26      182.23 
40606676      19.2      67      100.75 
91649413      35.3      88      185.59 
39937606     190.5      92      999.92 
66016070      63.0     195      677.36 
15200904      83.4      80      437.85 
41166417      54.6      28      286.86 
--------------------------------------------------------------------------------
Gasto total: 8174.19 
================================================================================

================================================================================
Código de la empresa: 67424 
--------------------------------------------------------------------------------
LLAMADAS REALIZADAS: 
TELÉFONO TIEMPO DE LLAMADA (seg) PAÍS COSTO 
--------------------------------------------------------------------------------
45315884     137.1      66      719.78 
96161334     192.5      71     1010.68 
76250010      19.1      80      100.28 
74318107     145.9      26      766.13 
78152225     159.4      68      836.74 
58085763     111.6      83      585.64 
80217870     109.1      55      572.83 
23813917     193.8      97     1017.29 
64955286       2.0      94       10.45 
14556987      54.4      43      285.76 
84899163      63.7       6      334.64 
78152225     103.8      33      545.00 
95021586      10.9      77       57.43 
38948829     168.6     206     1812.77 
35598626     193.5     275     2080.23 
42201266     124.6      41      653.99 
51739180     134.6      10      706.81 
--------------------------------------------------------------------------------
Gasto total: 12096.44 
================================================================================

================================================================================
Código de la empresa: 64853 
--------------------------------------------------------------------------------
LLAMADAS REALIZADAS: 
TELÉFONO TIEMPO DE LLAMADA (seg) PAÍS COSTO 
--------------------------------------------------------------------------------
43474252     109.1       8      572.67 
22310442      48.1      29      252.32 
45197838      17.7      69       93.08 
34960333      19.2      56      100.75 
90588701     165.2      63      867.41 
14847975     174.2      43      914.71 
63876254       4.7      44       24.73 
51739180      90.0      52      472.66 
45315884      92.1      91      483.32 
44213428      50.7      93      266.07 
39985891      67.7      41      355.42 
88075398      70.9      91      372.02 
80751104     152.9     105     1643.78 
80378364      29.4     155      316.16 
27730524      54.2      65      284.55 
51972329     166.8      35      875.44 
62675672     199.1      68     1045.33 
--------------------------------------------------------------------------------
Gasto total: 8940.39 
================================================================================

================================================================================
Código de la empresa: 31338 
--------------------------------------------------------------------------------
LLAMADAS REALIZADAS: 
TELÉFONO TIEMPO DE LLAMADA (seg) PAÍS COSTO 
--------------------------------------------------------------------------------
22046669      67.1      74      352.22 
13609576      59.2      93      310.96 
81949478       4.6     261       48.91 
22310442     151.6      59      795.69 
14556987     177.3       7      930.61 
47983849       6.0     231       64.61 
29985534     114.9       9      603.23 
60333144      48.3      59      253.36 
82971539     197.5     155     2123.23 
12815381      82.3      63      432.18 
72815622     149.4     204     1606.05 
65734030     186.9     148     2009.60 
85410766      16.8      92       88.10 
--------------------------------------------------------------------------------
Gasto total: 9618.76 
================================================================================

================================================================================
Código de la empresa: 32835 
--------------------------------------------------------------------------------
LLAMADAS REALIZADAS: 
TELÉFONO TIEMPO DE LLAMADA (seg) PAÍS COSTO 
--------------------------------------------------------------------------------
76861827     103.8      66      544.69 
90809264      51.4      88      269.69 
91515249     161.9     261     1739.99 
47069795       1.2      35        6.30 
23775692      24.9       8      130.93 
55896805     104.4      83      547.89 
39495587       2.0      31       10.50 
23035040     135.2      43      710.01 
68949636     153.7      52      806.98 
32533542      22.6      92      118.60 
80217870     194.8     275     2093.78 
--------------------------------------------------------------------------------
Gasto total: 6979.36 
================================================================================

================================================================================
Código de la empresa: 81320 
--------------------------------------------------------------------------------
LLAMADAS REALIZADAS: 
TELÉFONO TIEMPO DE LLAMADA (seg) PAÍS COSTO 
--------------------------------------------------------------------------------
36856703      20.2      18      105.94 
12815381     124.1      92      651.58 
47779397     190.4      86      999.81 
76861827       6.0      32       31.50 
80125186     136.2      74      715.00 
--------------------------------------------------------------------------------
Gasto total: 2503.83 
================================================================================

================================================================================
Código de la empresa: 53262 
--------------------------------------------------------------------------------
LLAMADAS REALIZADAS: 
TELÉFONO TIEMPO DE LLAMADA (seg) PAÍS COSTO 
--------------------------------------------------------------------------------
29532114      46.3      34      242.97 
80378364     188.4      63      989.21 
54318852      94.3     239     1013.83 
16358684      62.3      29      327.29 
34960333     169.1      65      887.51 
59912064     177.1      56      929.78 
50617814     121.3      37      636.83 
26236675      61.9     206      665.10 
64265369     186.5      79      979.23 
--------------------------------------------------------------------------------
Gasto total: 6671.74 
================================================================================

================================================================================
Código de la empresa: 31777 
--------------------------------------------------------------------------------
LLAMADAS REALIZADAS: 
TELÉFONO TIEMPO DE LLAMADA (seg) PAÍS COSTO 
--------------------------------------------------------------------------------
47942066     180.5      74      947.47 
68949636      90.0      70      472.55 
63024723     156.8      58      823.36 
53045162     114.9     243     1234.74 
39985891      37.2     212      399.90 
44913871      93.4      50      490.51 
25705476     185.1       9      971.57 
68364677      45.1     212      485.15 
22149582      16.4      94       85.94 
60333144     192.4     195     2068.73 
91515249     148.2      16      778.16 
40441488     128.9     212     1385.78 
12012345      95.0     208     1021.04 
89157538     192.8      29     1011.99 
63744414      90.2     240      969.22 
--------------------------------------------------------------------------------
Gasto total: 13146.10 
================================================================================

================================================================================
Código de la empresa: 85513 
--------------------------------------------------------------------------------
LLAMADAS REALIZADAS: 
TELÉFONO TIEMPO DE LLAMADA (seg) PAÍS COSTO 
--------------------------------------------------------------------------------
80635261     117.8      91      618.29 
83147875      52.8     239      567.06 
39000451      80.4      67      422.15 
60507812      80.2      43      420.89 
26974509      55.9      26      293.32 
47779397      71.2      27      373.59 
90274892     174.1     212     1871.36 
--------------------------------------------------------------------------------
Gasto total: 4566.67 
================================================================================

================================================================================
Código de la empresa: 69218 
--------------------------------------------------------------------------------
LLAMADAS REALIZADAS: 
TELÉFONO TIEMPO DE LLAMADA (seg) PAÍS COSTO 
--------------------------------------------------------------------------------
97962834     185.4     291     1992.73 
14728166      50.9      35      267.12 
89776459      99.7      56      523.53 
64198113      77.2     214      829.47 
41166417      93.0     212      999.43 
28562139      42.2      37      221.55 
98784008     100.2     261     1077.36 
15773122      10.5      91       55.07 
40971024     178.3     204     1916.83 
80635261      99.5      35      522.27 
97476709      47.3       5      248.38 
--------------------------------------------------------------------------------
Gasto total: 8653.74 
================================================================================

================================================================================
Código de la empresa: 42030 
--------------------------------------------------------------------------------
LLAMADAS REALIZADAS: 
TELÉFONO TIEMPO DE LLAMADA (seg) PAÍS COSTO 
--------------------------------------------------------------------------------
76250010     161.3      77      846.93 
61714877     176.6      49      926.99 
15200904     171.6     139     1844.91 
14556987      29.6      37      155.51 
92434236      98.1     199     1054.79 
17297866      97.6     243     1048.98 
26451535     184.6      30      969.31 
39985891      14.5      34       75.92 
83009401     169.5      10      889.67 
80486594      22.8      74      119.49 
24625605      41.0       7      215.20 
64441753      96.1     135     1033.51 
19590792      28.7     261      308.95 
50962607     138.2      16      725.81 
55952412      19.7     240      211.99 
63744414      51.7      50      271.64 
80751104      34.0     275      365.18 
82117699      83.2     206      893.97 
--------------------------------------------------------------------------------
Gasto total: 11958.74 
================================================================================

================================================================================
Código de la empresa: 72164 
--------------------------------------------------------------------------------
LLAMADAS REALIZADAS: 
TELÉFONO TIEMPO DE LLAMADA (seg) PAÍS COSTO 
--------------------------------------------------------------------------------
62366213       8.5     155       91.70 
84767412      74.7      49      392.38 
44104966     145.8     139     1567.67 
40606676     127.1      67      667.01 
91974393       4.3     135       46.76 
28961810     104.9     183     1127.24 
33404566     128.6     139     1382.99 
71345413     141.4     208     1520.16 
44889808     133.5      92      700.67 
19647626      22.2      77      116.39 
--------------------------------------------------------------------------------
Gasto total: 7612.98 
================================================================================

