57747793   5  2 383.86 
89641421   9  2 335.86 
44897763   9  0 362.27 
03455736   2  1 926.40 
36465782   9  2 211.68 
68703135   7  3 530.62 
69133069   8  2 929.02 
56478042   1  1 167.93 
08413784   9  1 229.73 
38664370   5  4 537.98 
11759956   0  1 413.26 
35497281   6  0 873.62 
72660336   7  4 305.25 
33925857   3  4 505.46 
98898814   5  2 124.95 
60313750   3  4 367.34 
80695788   8  1 87.08 
74612399   4  1 584.03 
43947739   8  1 932.60 
56297539   4  1 12.26 
17097467   8  4 795.70 
03570492   7  2 601.97 
02724286   0  1 652.56 
47346619   4  4 441.65 
14738097   7  1 440.29 
91698927   9  0 771.81 
27254586   3  2 567.56 
00028624   9  3 965.06 
78409503   9  2 528.71 
77486715   8  3 19.70 
17142618   3  1 340.49 
60243555   1  1 245.46 
47469841   8  4 379.88 
16087764   4  0 350.93 
75373743   6  2 124.14 
60281936   9  0 491.27 
76153275   8  2 432.51 
30794395   8  1 407.74 
76065818   3  0 29.37 
84639529   8  1 428.43 
32114613   3  3 776.04 
65344818   4  0 538.06 
04569917   7  4 128.88 
59512183   0  3 996.24 
01385644   5  2 490.99 
72469786   4  4 590.05 
33110197   4  2 669.82 
02278611   8  4 507.55 
29195746   3  4 622.28 
94613810   1  2 568.40 
08044878   0  1 605.01 
34248626   4  1 305.20 
43408282   6  3 522.65 
01305624   2  2 258.24 
31419379   9  2 600.36 
07487131   3  1 550.68 
04158660   4  3 881.30 
01252996   9  1 163.99 
25187190   8  3 959.73 
76911340   4  1 95.26 
69755936   2  1 90.84 
57418418   9  1 107.45 
87451659   2  3 887.12 
57467587   2  0 9.36 
70575321   2  3 206.01 
01229904   1  4 255.19 
65311705   7  0 939.11 
55996658   4  0 228.27 
80821396   9  2 920.24 
06811972   2  4 81.30 
46741222   5  0 672.50 
46340713   8  2 299.40 
24688209   0  4 298.90 
26371155   2  1 581.19 
82085273   9  4 994.04 
48348142   0  0 776.50 
52867621   5  3 579.84 
22262754   1  3 567.04 
10613202   2  4 326.59 
50390868   2  1 506.84 
77849958   8  2 528.89 
64686248   3  3 498.36 
01772890   8  3 303.33 
64319529   8  1 754.67 
67066249   7  3 500.46 
78012497   3  3 990.03 
61761152   5  1 253.92 
48703729   7  3 996.75 
77870460   1  4 436.60 
32266748   0  2 304.28 
55858699   7  4 556.02 
74806403   8  2 43.39 
87036159   8  2 500.81 
80171692   9  4 151.35 
22060049   9  4 215.27 
72576335   3  4 964.85 
02416949   1  3 177.00 
41585795   2  3 289.67 
02961682   0  4 743.44 
81174232   6  4 340.41 
